0.0333666668215285	0
0.0667333336430571	0.00682532616413323
0.100100000464586	0.00586534854284635
0.133466667286114	0.00090527558806961
0.166833334107643	0.00119788991926801
0.200200000929171	-0.00102681467625592
0.2335666677507	-0.000783781793355172
0.266933334572228	-0.000321115028951403
0.300300001393757	0.00127006945055288
0.333666668215285	0.00061951842351801
0.367033335036814	0.000123801531760425
0.400400001858343	0.00173003489877892
0.433766668679871	0.000625814543805685
0.4671333355014	-0.00240824182803114
0.500500002322928	-0.00566050407585605
0.533866669144457	-0.00699874425474837
0.567233335965985	-0.00572503468397224
0.600600002787514	-0.00766405063163442
0.633966669609042	-0.00644538610376368
0.667333336430571	-0.00655148467215334
0.700700003252099	-0.00724644293752478
0.734066670073628	-0.00775105223416977
0.767433336895156	-0.00572372152442801
0.800800003716685	-0.00396735592383566
0.834166670538214	-0.00234910053963227
0.867533337359742	-0.00550898867295449
0.900900004181271	-0.00203433359161564
0.934266671002799	-0.00234266882421051
0.967633337824328	0.00382511283982761
1.00100000464586	0.0124424781076714
1.03436667146738	0.00944826528377095
1.06773333828891	0.00959762631801947
1.10110000511044	0.00730463089125651
1.13446667193197	0.00762983534377436
1.1678333387535	0.0079986552789814
1.20120000557503	0.013733510483686
1.23456667239656	0.0133572276311848
1.26793333921808	0.0104779493584025
1.30130000603961	0.0126978614716778
1.33466667286114	0.0145301942928767
1.36803333968267	0.017344409522608
1.4014000065042	0.0187541741625187
1.43476667332573	0.0168203921447976
1.46813334014726	0.0176920824884309
1.50150000696878	0.0202414497973243
1.53486667379031	0.0226333586685157
1.56823334061184	0.0214011465076624
1.60160000743337	0.0204897996458251
1.6349666742549	0.0185304520423858
1.66833334107643	0.016917323125967
1.70170000789796	0.019422447093066
1.73506667471948	0.0164063925023697
1.76843334154101	0.0150259673912718
1.80180000836254	0.0155740773705642
1.83516667518407	0.0136566817640409
1.8685333420056	0.0108999169443026
1.90190000882713	0.0143810223015372
1.93526667564866	0.0155704949524358
1.96863334247018	0.0192359239050044
2.00200000929171	0.0195890203440495
2.03536667611324	0.0182892516290852
2.06873334293477	0.0163540044539624
2.1021000097563	0.0167699107305688
2.13546667657783	0.0155486096344025
2.16883334339936	0.0143250386285438
2.20220001022088	0.0146089359500415
2.23556667704241	0.0144586927158094
2.26893334386394	0.0137878728996337
2.30230001068547	0.0133315446646952
2.335666677507	0.0112699266380931
2.36903334432853	0.0136241733990331
2.40240001115006	0.0137673444348814
2.43576667797158	0.0124807490070437
2.46913334479311	0.0130939321301841
2.50250001161464	0.0141349889414432
2.53586667843617	0.0154178527882392
2.5692333452577	0.0131119324592802
2.60260001207923	0.0140031869759686
2.63596667890075	0.0137182424551548
2.66933334572228	0.0121547746231694
2.70270001254381	0.0144396494798361
2.73606667936534	0.0130372692759798
2.76943334618687	0.013242598998863
2.8028000130084	0.0132883141007476
2.83616667982993	0.0134442540261321
2.86953334665145	0.0145617400626636
2.90290001347298	0.0147870839687515
2.93626668029451	0.0130835424665434
2.96963334711604	0.0131121961004647
3.00300001393757	0.0138297463525507
3.0363666807591	0.01398871951732
3.06973334758063	0.0140196208853001
3.10310001440215	0.0138033918220944
3.13646668122368	0.0141972867807629
3.16983334804521	0.0143584434583182
3.20320001486674	0.0150308394800259
3.23656668168827	0.0137722957448091
3.2699333485098	0.01461695252985
3.30330001533133	0.0182243849700854
3.33666668215285	0.0148000154481128
3.37003334897438	0.0160050340638531
3.40340001579591	0.0151491279989085
3.43676668261744	0.014795229384156
3.47013334943897	0.0137524176917113
3.5035000162605	0.0133762637613857
3.53686668308203	0.0134678182090079
3.57023334990355	0.0107561226391355
3.60360001672508	0.012645164070841
3.63696668354661	0.0115860496245921
3.67033335036814	0.0139041512806287
3.70370001718967	0.010682259781257
3.7370666840112	0.0125131708218411
3.77043335083273	0.0110658334495815
3.80380001765425	0.0127587197004762
3.83716668447578	0.0123282065970217
3.87053335129731	0.0152624961803896
3.90390001811884	0.0150571356358102
3.93726668494037	0.0182075652790745
3.9706333517619	0.0115945046815198
4.00400001858343	0.0120563131425822
4.03736668540495	0.0123700153845984
4.07073335222648	0.0127762086725617
4.10410001904801	0.0142811414234889
4.13746668586954	0.0144791642917644
4.17083335269107	0.0141228225398666
4.2042000195126	0.010329119412161
4.23756668633412	0.00998465682038976
4.27093335315565	0.0106884547306335
4.30430001997718	0.0107775815283827
4.33766668679871	0.00809809410182503
4.37103335362024	0.00904092191574181
4.40440002044177	0.00850410157561619
4.4377666872633	0.0102608484795307
4.47113335408482	0.0104103561298139
4.50450002090635	0.00936839767374144
4.53786668772788	0.00811797464963101
4.57123335454941	0.0117935237132316
4.60460002137094	0.011716466612469
4.63796668819247	0.0119912492202545
4.671333355014	0.0120843287500124
4.70470002183552	0.0114250506662398
4.73806668865705	0.0120868840995836
4.77143335547858	0.012180851272311
4.80480002230011	0.0104371000590868
4.83816668912164	0.00783123552917004
4.87153335594317	0.00887188777787374
4.9049000227647	0.0091647227038805
4.93826668958622	0.00716244846376744
4.97163335640775	0.00844864689646693
5.00500002322928	0.00923516834258804
5.03836669005081	0.0100689433559678
5.07173335687234	0.0127637627116619
5.10510002369387	0.0106633249471555
5.1384666905154	0.0112752171160668
5.17183335733692	0.00991027377447776
5.20520002415845	0.00979427164308721
5.23856669097998	0.0108501318613008
5.27193335780151	0.0111501244910692
5.30530002462304	0.0113818775756236
5.33866669144457	0.0110412945379229
5.3720333582661	0.0114250506662398
5.40540002508762	0.0122455468236733
5.43876669190915	0.0114178958497554
5.47213335873068	0.00850287686980597
5.50550002555221	0.0128621867158398
5.53886669237374	0.0104976205295344
5.57223335919527	0.0117004833679451
5.60560002601679	0.0116739260465831
5.63896669283832	0.0101674657498826
5.67233335965985	0.00806359464677973
5.70570002648138	0.00894728856234115
5.73906669330291	0.00905049326376178
5.77243336012444	0.00829639409401423
5.80580002694597	0.00927081202124851
5.83916669376749	0.00900104579256424
5.87253336058902	0.0117918781909396
5.90590002741055	0.0100776995305502
5.93926669423208	0.00958546780577722
5.97263336105361	0.00885916556141895
6.00600002787514	0.0104402529736243
6.03936669469667	0.0106242868862543
6.07273336151819	0.0117485852829803
6.10610002833972	0.0142776844270925
6.13946669516125	0.0110641896947341
6.17283336198278	0.0114413621153277
6.20620002880431	0.0104555256656228
6.23956669562584	0.0108068106820426
6.27293336244737	0.0121539991420756
6.30630002926889	0.0097782503696711
6.33966669609042	0.0130188964147754
6.37303336291195	0.0106038698448386
6.40640002973348	0.0122054846243125
6.43976669655501	0.0132703353548811
6.47313336337654	0.00970407313518934
6.50650003019807	0.0101016106226686
6.53986669701959	0.0103839491409091
6.57323336384112	0.0116231177059338
6.60660003066265	0.0103043398360166
6.63996669748418	0.0121027139923763
6.67333336430571	0.0107587252509985
6.70670003112724	0.00985029539976562
6.74006669794877	0.010475620006326
6.77343336477029	0.0103802990047343
6.80680003159182	0.00981151520317964
6.84016669841335	0.00859609171522954
6.87353336523488	0.011398967763811
6.90690003205641	0.00964355354488858
6.94026669887794	0.00959868665338947
6.97363336569947	0.0086118538604145
7.00700003252099	0.011280548925899
7.04036669934252	0.0153729191639793
7.07373336616405	0.0162407123623598
7.10710003298558	0.0165484950831192
7.14046669980711	0.0131693064811422
7.17383336662864	0.013244609884675
7.20720003345017	0.0132813148086671
7.24056670027169	0.0132485571790466
7.27393336709322	0.0141608207533519
7.30730003391475	0.0117643744611833
7.34066670073628	0.0131656355993358
7.37403336755781	0.0121792251407708
7.40740003437934	0.0128871731146553
7.44076670120087	0.0126652188345356
7.47413336802239	0.0105908058446666
7.50750003484392	0.0129163528829863
7.54086670166545	0.0146390662227714
7.57423336848698	0.0150646513577485
7.60760003530851	0.0129290585271182
7.64096670213004	0.0128401112723177
7.67433336895157	0.0129479921122137
7.70770003577309	0.0138688462882388
7.74106670259462	0.0130255130353313
7.77443336941615	0.016497338154143
7.80780003623768	0.0118890258677993
7.84116670305921	0.011522866748736
7.87453336988074	0.00887495474076935
7.90790003670226	0.0106402077560873
7.94126670352379	0.0118591095302519
7.97463337034532	0.0114250506662398
8.00800003716685	0.0105869528676567
8.04136670398838	0.0136030959805364
8.07473337080991	0.0110521697374101
8.10810003763144	0.0139104208479997
8.14146670445296	0.0127582314453018
8.17483337127449	0.0118169306656102
8.20820003809602	0.0132893034434988
8.24156670491755	0.0123976036020759
8.27493337173908	0.0130628021492524
8.30830003856061	0.0123324246622823
8.34166670538213	0.00933430970037921
8.37503337220366	0.0117947611814792
8.40840003902519	0.0092361774149332
8.44176670584672	0.00865933185474787
8.47513337266825	0.00933592175497558
8.50850003948978	0.00938230969862136
8.54186670631131	0.0103012439186012
8.57523337313284	0.0069116445940343
8.60860003995436	0.00832315367750955
8.64196670677589	0.00778007599661834
8.67533337359742	0.00821242436639977
8.70870004041895	0.00709867203239227
8.74206670724048	0.00884506599904335
8.77543337406201	0.00979776568319438
8.80880004088353	0.00895897161473615
8.84216670770506	0.00999762199272122
8.87553337452659	0.00989990762657935
8.90890004134812	0.00977859567936102
8.94226670816965	0.00890774765170862
8.97563337499118	0.00799955923964735
9.00900004181271	0.00735094732919203
9.04236670863424	0.00982734459121903
9.07573337545576	0.00895246525749831
9.10910004227729	0.00969237068795401
9.14246670909882	0.0109102843524128
9.17583337592035	0.00710413751773945
9.20920004274188	0.00578953122357199
9.24256670956341	0.00818307807352279
9.27593337638493	0.00882350379424784
9.30930004320646	0.00886829368073148
9.34266671002799	0.00946522713404214
9.37603337684952	0.00691393862735366
9.40940004367105	0.0117625870070472
9.44276671049258	0.0112676271022337
9.47613337731411	0.010064799001235
9.50950004413563	0.00939815072611132
9.54286671095716	0.00863355150410447
9.57623337777869	0.00686521772922435
9.60960004460022	0.00879420039170416
9.64296671142175	0.0096085114725584
9.67633337824328	0.00718022353537735
9.70970004506481	0.00698331496321314
9.74306671188633	0.00651819623670469
9.77643337870786	0.00764130282724754
9.80980004552939	0.00800836174186887
9.84316671235092	0.00933649463388145
9.87653337917245	0.00795041056341876
9.90990004599398	0.00761012401842179
9.94326671281551	0.00734162167087188
9.97663337963703	0.00765045347594518
10.0100000464586	0.00652249481112017
10.0433667132801	0.00771979799280713
10.0767333801016	0.00741936307715072
10.1101000469231	0.00742104019999035
10.1434667137447	0.00840654241781123
10.1768333805662	0.00694860930794729
10.2102000473877	0.00817280064226615
10.2435667142093	0.00655578483970908
10.2769333810308	0.00696344534637885
10.3103000478523	0.00538683729910335
10.3436667146738	0.00598203908034241
10.3770333814954	0.00840377238632014
10.4104000483169	0.00710609530353572
10.4437667151384	0.00648602205849119
10.47713338196	0.00876443048520873
10.5105000487815	0.00559781597423639
10.543866715603	0.00373927722203992
10.5772333824245	0.00759243366219926
10.6106000492461	0.00930126258114021
10.6439667160676	0.00850091452509258
10.6773333828891	0.00969504090393211
10.7107000497107	0.00889845202341329
10.7440667165322	0.0105249239512622
10.7774333833537	0.00962919168632491
10.8108000501752	0.00994925049055256
10.8441667169968	0.00883473701977351
10.8775333838183	0.00761417195653918
10.9109000506398	0.00888976852679499
10.9442667174614	0.00826343449851505
10.9776333842829	0.00848143980770282
11.0110000511044	0.0095915797460718
11.0443667179259	0.0132554220388221
11.0777333847475	0.0129031286411297
11.111100051569	0.0139978740674264
11.1444667183905	0.0122746700822359
11.1778333852121	0.0101463662170929
11.2112000520336	0.0103418565045231
11.2445667188551	0.00863158359640737
11.2779333856766	0.00899789745169943
11.3113000524982	0.00853154008871321
11.3446667193197	0.00641918133609527
11.3780333861412	0.0100680032907386
11.4114000529628	0.00737165864199175
11.4447667197843	0.00965900342303631
11.4781333866058	0.00930126258114021
11.5115000534273	0.0096945354929634
11.5448667202489	0.0117003228151487
11.5782333870704	0.0103879296061497
11.6116000538919	0.0111282961337302
11.6449667207135	0.00982024603340545
11.678333387535	0.0109262027404662
11.7117000543565	0.0104003374626388
11.745066721178	0.0116125700728626
11.7784333879996	0.0140400489843117
11.8118000548211	0.0135643407271332
11.8451667216426	0.0114646157334887
11.8785333884642	0.0111330540334955
11.9119000552857	0.00957337396646907
11.9452667221072	0.0105901002122491
11.9786333889287	0.00971381855177238
12.0120000557503	0.00975183183883918
12.0453667225718	0.00970206482047063
12.0787333893933	0.00805398635604492
12.1121000562149	0.00830654428085895
12.1454667230364	0.00779176787619881
12.1788333898579	0.0096734360892144
12.2122000566794	0.00817766051286103
12.245566723501	0.00822735732694505
12.2789333903225	0.00997261350243355
12.312300057144	0.0117137022148318
12.3456667239656	0.0124016831025876
12.3790333907871	0.00939815072611132
12.4124000576086	0.0123559091795006
12.4457667244301	0.0124031910891576
12.4791333912517	0.0120202337416155
12.5125000580732	0.0087805812488511
12.5458667248947	0.0120561037524649
12.5792333917163	0.0106867630329195
12.6126000585378	0.00953046034308977
12.6459667253593	0.00992773646089581
12.6793333921808	0.0103373095063293
12.7127000590024	0.00808071315231139
12.7460667258239	0.00912693595545328
12.7794333926454	0.0115737984654309
12.812800059467	0.00759894114804381
12.8461667262885	0.00933237994159209
12.87953339311	0.00775417765830609
12.9129000599315	0.0097948821806214
12.9462667267531	0.00992651407284713
12.9796333935746	0.00840291272137382
13.0130000603961	0.0105216732379941
13.0463667272177	0.00991027377447776
13.0797333940392	0.0113293289465558
13.1131000608607	0.0119459500100046
13.1464667276822	0.0114228875821866
13.1798333945038	0.0128773992605985
13.2132000613253	0.00964691758383109
13.2465667281468	0.0092231842224006
13.2799333949684	0.00874803866538643
13.3133000617899	0.00874803866538643
13.3466667286114	0.00862641233007809
13.3800333954329	0.00794790434442749
13.4134000622545	0.010475620006326
13.446766729076	0.00946522713404214
13.4801333958975	0.00846156531604715
13.5135000627191	0.0112544657782813
13.5468667295406	0.0110444646365594
13.5802333963621	0.0106390486634715
13.6136000631836	0.0113847218885941
13.6469667300052	0.0119996154749096
13.6803333968267	0.0120886598888397
13.7137000636482	0.0110890050904885
13.7470667304698	0.011440280801909
13.7804333972913	0.0118203542747549
13.8138000641128	0.00967196504768692
13.8471667309343	0.00907369611880931
13.8805333977559	0.00868319545068416
13.9139000645774	0.00890798966581132
13.9472667313989	0.00814145447691873
13.9806333982205	0.00928541470610595
14.014000065042	0.00991488749560646
14.0473667318635	0.0102449974800136
14.080733398685	0.0130771318230186
14.1141000655066	0.013176788190394
14.1474667323281	0.0130229974998668
14.1808333991496	0.0127573383200967
14.2142000659712	0.0124319606454281
14.2475667327927	0.0128929898730214
14.2809333996142	0.00945659742074698
14.3143000664357	0.0112361652706826
14.3476667332573	0.00928619869992371
14.3810334000788	0.0118526503210054
14.4144000669003	0.0114490730080891
14.4477667337219	0.0103910720787073
14.4811334005434	0.0113386373404137
14.5145000673649	0.0102522569791522
14.5478667341864	0.0112777806933196
14.581233401008	0.0117635577795521
14.6146000678295	0.0119074359216612
14.647966734651	0.00883107010991612
14.6813334014726	0.0126390214841684
14.7147000682941	0.0177469828537143
14.7480667351156	0.0171034994944074
14.7814334019371	0.0151883703492638
14.8148000687587	0.0124662751939472
14.8481667355802	0.0111236471935022
14.8815334024017	0.0125229781748074
14.9149000692233	0.0129487338073059
14.9482667360448	0.0113206154500476
14.9816334028663	0.0108735766321244
15.0150000696878	0.0112156260372407
15.0483667365094	0.0104783812228859
15.0817334033309	0.0112215681145936
15.1151000701524	0.0113903407796164
15.148466736974	0.0117441501205618
15.1818334037955	0.00985448648995673
15.215200070617	0.00916174365200857
15.2485667374385	0.00906354445503486
15.2819334042601	0.00780252406287579
15.3153000710816	0.00925071224454843
15.3486667379031	0.00863887191113137
15.3820334047247	0.0101935347916162
15.4154000715462	0.0105083707800089
15.4487667383677	0.00910403831385348
15.4821334051892	0.00857563221219043
15.5155000720108	0.0088394290872246
15.5488667388323	0.00981283198413103
15.5822334056538	0.00995227454610862
15.6156000724754	0.0110394275508865
15.6489667392969	0.010782501654282
15.6823334061184	0.0111710337596662
15.7157000729399	0.0103456311682735
15.7490667397615	0.0111814848821582
15.782433406583	0.0104173474651249
15.8158000734045	0.00883428226109094
15.8491667402261	0.0114636935880959
15.8825334070476	0.0104609505546275
15.9159000738691	0.00983414737578925
15.9492667406906	0.00927321601281967
15.9826334075122	0.00790144577742781
16.0160000743337	0.00884121814891426
16.0493667411552	0.00849302094735248
16.0827334079768	0.00989335679700369
16.1161000747983	0.00862060300219254
16.1494667416198	0.0096430283573745
16.1828334084413	0.0105909333328767
16.2162000752629	0.00930126258114021
16.2495667420844	0.0093829307493298
16.2829334089059	0.00951859598838325
16.3163000757275	0.00886267426794238
16.349666742549	0.0081355770709144
16.3830334093705	0.00955401426322207
16.416400076192	0.0110331381383059
16.4497667430136	0.00880699262092137
16.4831334098351	0.00926742862570273
16.5165000766566	0.0107596841080006
16.5498667434782	0.0114683273686945
16.5832334102997	0.0151280897754501
16.6166000771212	0.0131501145338401
16.6499667439427	0.013667065495081
16.6833334107643	0.0125121768077296
16.7167000775858	0.00893284839833836
16.7500667444073	0.00903592575150571
16.7834334112289	0.00901705735467236
16.8168000780504	0.0108784453965072
16.8501667448719	0.0103710238099574
16.8835334116934	0.0122607549028209
16.916900078515	0.00848082107352887
16.9502667453365	0.00832730084271537
16.983633412158	0.00938826418071598
17.0170000789796	0.00797823823635062
17.0503667458011	0.00965923099354493
17.0837334126226	0.0103195687415193
17.1171000794441	0.0101404512310742
17.1504667462657	0.00856732600368967
17.1838334130872	0.00933307659891535
17.2172000799087	0.00770454592301502
17.2505667467303	0.0117001990916678
17.2839334135518	0.0129648453948152
17.3173000803733	0.0118591095302519
17.3506667471948	0.0119283255584121
17.3840334140164	0.0119912492202545
17.4174000808379	0.0104610706548716
17.4507667476594	0.0112362768374612
17.484133414481	0.0103824780994071
17.5175000813025	0.0106419479877953
17.550866748124	0.0102949124183214
17.5842334149455	0.00973985088997791
17.6176000817671	0.00926603052837083
17.6509667485886	0.0112811859668688
17.6843334154101	0.00978257787982398
17.7177000822317	0.0107561226391355
17.7510667490532	0.0111329273973801
17.7844334158747	0.0101197736229433
17.8178000826962	0.0104668233216185
17.8511667495178	0.0122001557767382
17.8845334163393	0.0111376655363443
17.9179000831608	0.0123277226924794
17.9512667499824	0.0119234578789058
17.9846334168039	0.0144968889980435
18.0180000836254	0.0119233232589302
18.0513667504469	0.0130542288401575
18.0847334172685	0.0114328017174294
18.11810008409	0.00962919168632491
18.1514667509115	0.010722288684899
18.1848334177331	0.00952882904229729
18.2182000845546	0.0106929891781143
18.2515667513761	0.011334886494681
18.2849334181976	0.0132022260018353
18.3183000850192	0.0150672562789888
18.3516667518407	0.0120007204288607
18.3850334186622	0.0104696618256649
18.4184000854838	0.010911758828233
18.4517667523053	0.0116321542924125
18.4851334191268	0.00999691134938457
18.5185000859483	0.0112490483482609
18.5518667527699	0.0115581863687936
18.5852334195914	0.00895182992539444
18.6186000864129	0.00844864689646693
18.6519667532345	0.010577074340832
18.685333420056	0.00859349280538456
18.7187000868775	0.00710513124234806
18.752066753699	0.00825050381261866
18.7854334205206	0.00884630954977068
18.8188000873421	0.00817939983496807
18.8521667541636	0.00866019815802834
18.8855334209852	0.00888656623841917
18.9189000878067	0.0097919766368878
18.9522667546282	0.0080923298893957
18.9856334214497	0.0098971767596601
19.0190000882713	0.0107322259302029
19.0523667550928	0.0114553975380259
19.0857334219143	0.012935684075233
19.1191000887359	0.0108547572174148
19.1524667555574	0.01039435958846
19.1858334223789	0.00985731627975293
19.2192000892004	0.0118888952287704
19.252566756022	0.0125126562991181
19.2859334228435	0.0104639203061172
19.319300089665	0.00945915437283461
19.3526667564866	0.010066430489297
19.3860334233081	0.0115362744880048
19.4194000901296	0.010183926378292
19.4527667569511	0.0075062821750031
19.4861334237727	0.00518028664644822
19.5195000905942	0.0111652059015871
19.5528667574157	0.00967584268853278
19.5862334242373	0.0119542511873394
19.6196000910588	0.0126382788523408
19.6529667578803	0.0113651338101617
19.6863334247018	0.0113651338101617
19.7197000915234	0.0120931608762478
19.7530667583449	0.0113010338469784
19.7864334251664	0.0131627464317246
19.819800091988	0.0110871467303339
19.8531667588095	0.0117529229693006
19.886533425631	0.0126382788523408
19.9199000924525	0.0100763677347661
19.9532667592741	0.0118044935829915
19.9866334260956	0.00847363197169652
20.0200000929171	0.0109036962689613
20.0533667597387	0.0103043398360166
20.0867334265602	0.0114695523911505
20.1201000933817	0.00991027377447776
20.1534667602032	0.0126206059155367
20.1868334270248	0.0102308059779348
20.2202000938463	0.00922260799834976
20.2535667606678	0.0105608084483621
20.2869334274894	0.00962141471152721
20.3203000943109	0.00910748629056187
20.3536667611324	0.0111103179442079
20.3870334279539	0.0120558669805639
20.4204000947755	0.0107328933571257
20.453766761597	0.00998088376733909
20.4871334284185	0.00981525075198003
20.5205000952401	0.00889453778652733
20.5538667620616	0.0103829391721168
20.5872334288831	0.0102186338689893
20.6206000957046	0.0105335586583802
20.6539667625262	0.0127246435581116
20.6873334293477	0.0119495384595757
20.7207000961692	0.0106163138585569
20.7540667629908	0.014206722318123
20.7874334298123	0.014030400684341
20.8208000966338	0.013421762871377
20.8541667634553	0.0133160060925033
20.8875334302769	0.0142179136349136
20.9209000970984	0.0135643407271332
20.9542667639199	0.0157951985975553
20.9876334307415	0.0141031684093378
21.021000097563	0.0113598593154831
21.0543667643845	0.0121054927504897
21.087733431206	0.0097489831396491
21.1211000980276	0.00941344885424547
21.1544667648491	0.0106568036120991
21.1878334316706	0.0109208600141337
21.2212000984922	0.011945450352469
21.2545667653137	0.0104606771883808
21.2879334321352	0.0116022546143563
21.3213000989567	0.00802042735402914
21.3546667657783	0.00966666929818641
21.3880334325998	0.0093729109572742
21.4214000994213	0.00964426888650295
21.4547667662429	0.00963656087967085
21.4881334330644	0.0111849483355411
21.5215000998859	0.0117922377168183
21.5548667667074	0.00987082365695668
21.588233433529	0.0121049086271623
21.6216001003505	0.0110816286111011
21.654966767172	0.0104987564921209
21.6883334339936	0.0152437349938121
21.7217001008151	0.0145978141337808
21.7550667676366	0.0107119539497809
21.7884334344581	0.0117804995793405
21.8218001012797	0.0117529229693006
21.8551667681012	0.0121187295105864
21.8885334349227	0.0105256068742182
21.9219001017443	0.0090127835918547
21.9552667685658	0.0107672223158147
21.9886334353873	0.00920898815715993
22.0220001022088	0.00924492233815131
22.0553667690304	0.0089101544708592
22.0887334358519	0.00887064860094661
22.1221001026734	0.00805208145654393
22.155466769495	0.00977918616409397
22.1888334363165	0.00809401912932135
22.222200103138	0.0071954045380399
22.2555667699595	0.00912654625360679
22.2889334367811	0.00784379986313354
22.3223001036026	0.00836194021580608
22.3556667704241	0.0084834475369611
22.3890334372457	0.00706994916258038
22.4224001040672	0.00888402512039302
22.4557667708887	0.0100880109451186
22.4891334377102	0.0110697885103714
22.5225001045318	0.010339229479224
22.5558667713533	0.00930126258114021
22.5892334381748	0.00941344885424547
22.6226001049964	0.00974610554061098
22.6559667718179	0.00953379412870919
22.6893334386394	0.0126305236542608
22.7227001054609	0.0117620638497391
22.7560667722825	0.0114243095298709
22.789433439104	0.00955768834781267
22.8228001059255	0.00893585586106752
22.8561667727471	0.00876087236027704
22.8895334395686	0.00945915437283461
22.9229001063901	0.00825849519491355
22.9562667732116	0.0086403201912788
22.9896334400332	0.00860727307153843
23.0230001068547	0.0102333334720026
23.0563667736762	0.00975621560781816
23.0897334404978	0.0101757401893157
23.1231001073193	0.00967943888770456
23.1564667741408	0.0098920262482129
23.1898334409623	0.0114793418719175
23.2232001077839	0.0108999169443026
23.2565667746054	0.00989990762657935
23.2899334414269	0.0109520716245649
23.3233001082484	0.00974110399942613
23.35666677507	0.00986859240030792
23.3900334418915	0.00979776568319438
23.423400108713	0.00834728698887273
23.4567667755346	0.00909258042202095
23.4901334423561	0.0092105587856552
23.5235001091776	0.0112811859668688
23.5568667759992	0.0104949245116618
23.5902334428207	0.0131116244890483
23.6236001096422	0.0103893285981169
23.6569667764637	0.0115622474101262
23.6903334432853	0.0116824414282677
23.7237001101068	0.0121771486887889
23.7570667769283	0.01239543225503
23.7904334437499	0.0121891542849696
23.8238001105714	0.00968303079290718
23.8571667773929	0.0101987527577026
23.8905334442144	0.00934776889075304
23.923900111036	0.00994072433391461
23.9572667778575	0.00901705735467236
23.990633444679	0.00893056011147865
24.0240001115006	0.00908562048340076
24.0573667783221	0.00942110815802101
24.0907334451436	0.0103720832042424
24.1241001119651	0.010760694795111
24.1574667787867	0.010746071548131
24.1908334456082	0.0106086065984474
24.2242001124297	0.00884324589297864
24.2575667792512	0.0100984235722604
24.2909334460728	0.0103146172667798
24.3243001128943	0.00973627057727126
24.3576667797158	0.0117246722122441
24.3910334465374	0.0109962214219427
24.4244001133589	0.0101338950698124
24.4577667801804	0.0103426252269391
24.4911334470019	0.0103373095063293
24.5245001138235	0.00917009093837902
24.557866780645	0.00897830209637889
24.5912334474665	0.0103109390284018
24.6246001142881	0.0107108287971671
24.6579667811096	0.0128073455807854
24.6913334479311	0.0116908804388136
24.7247001147527	0.0073480592975259
24.7580667815742	0.00984693661077837
24.7914334483957	0.0101744232049804
24.8248001152172	0.0115206179339744
24.8581667820388	0.0117477714078145
24.8915334488603	0.00915625991480012
24.9249001156818	0.00865619150535601
24.9582667825034	0.00792792187353777
24.9916334493249	0.00578458163729623
25.0250001161464	0.00898780093419896
25.0583667829679	0.0106291066468488
25.0917334497895	0.0138188528381204
25.125100116611	0.0118664914836756
25.1584667834325	0.0108718703770842
25.191833450254	0.0133014196234465
25.2252001170756	0.0141806893294953
25.2585667838971	0.0105237629822386
25.2919334507186	0.0115716375957339
25.3253001175402	0.0112204970278677
25.3586667843617	0.0100244633722482
25.3920334511832	0.00988988846270903
25.4254001180047	0.0103754240499991
25.4587667848263	0.0112238272975181
25.4921334516478	0.00966079931078915
25.5255001184693	0.0085070008221478
25.5588667852909	0.00811609139706
25.5922334521124	0.0100148250514183
25.6256001189339	0.00939434289509073
25.6589667857554	0.00891688665967106
25.692333452577	0.008973333473518
25.7257001193985	0.00822265237506719
25.75906678622	0.00716972334186614
25.7924334530416	0.00720466660878783
25.8258001198631	0.00823957638140729
25.8591667866846	0.008280068888552
25.8925334535062	0.00576602672484264
25.9259001203277	0.00642167370201711
25.9592667871492	0.00879877044948451
25.9926334539707	0.0102147793678224
26.0260001207923	0.0117349739224544
26.0593667876138	0.0118137231473846
26.0927334544353	0.0138854093521419
26.1261001212568	0.0120112491201833
26.1594667880784	0.0127332713825113
26.1928334548999	0.0138539082796524
26.2262001217214	0.0122100054877773
26.259566788543	0.0119151207753463
26.2929334553645	0.0132893034434988
26.326300122186	0.0116017161344468
26.3596667890075	0.0125575621715564
26.3930334558291	0.0119372117244044
26.4264001226506	0.0105044310276429
26.4597667894721	0.00959730969009638
26.4931334562937	0.0120561037524649
26.5265001231152	0.0112275423983269
26.5598667899367	0.0125229781748074
26.5932334567582	0.0100059036304832
26.6266001235798	0.00986174698648489
26.6599667904013	0.0112580853992254
26.6933334572228	0.0102466314172032
26.7267001240444	0.0125318765366046
26.7600667908659	0.0122216390047486
26.7934334576874	0.0107439012488255
26.8268001245089	0.00995712078898617
26.8601667913305	0.00988702907260286
26.893533458152	0.00991027377447776
26.9269001249735	0.0115241533920381
26.9602667917951	0.0092248633268913
26.9936334586166	0.0112906991120208
27.0270001254381	0.00884700012814578
27.0603667922596	0.00921354491884288
27.0937334590812	0.00865418817901972
27.1271001259027	0.00978286557575744
27.1604667927242	0.00908810866145791
27.1938334595458	0.00951441649979267
27.2272001263673	0.012390699831979
27.2605667931888	0.0125358939070606
27.2939334600103	0.0130751350651987
27.3273001268319	0.0114677449809682
27.3606667936534	0.0106992761168188
27.3940334604749	0.010138305360576
27.4274001272965	0.0102685156487628
27.460766794118	0.00949912697823682
27.4941334609395	0.00977092375643327
27.527500127761	0.00890385696736147
27.5608667945826	0.00987735425073809
27.5942334614041	0.0112424857279159
27.6276001282256	0.00871263669171786
27.6609667950472	0.0115430537384804
27.6943334618687	0.00759969049170476
27.7277001286902	0.00828468233996003
27.7610667955117	0.00926795728125711
27.7944334623333	0.00905049326376178
27.8278001291548	0.0102990043187684
27.8611667959763	0.0123506530516728
27.8945334627979	0.0142494782352045
27.9279001296194	0.0127334018077087
27.9612667964409	0.0109435960243559
27.9946334632624	0.0160677650726613
28.028000130084	0.0112906991120208
28.0613667969055	0.0113304133773436
28.094733463727	0.0113401261052698
28.1281001305486	0.0111525595269469
28.1614667973701	0.00987643981952273
28.1948334641916	0.00960337049703056
28.2282001310131	0.0102280187413936
28.2615667978347	0.0099944460525401
28.2949334646562	0.00910505395218116
28.3283001314777	0.0106048485129391
28.3616667982993	0.0124507203637945
28.3950334651208	0.010920571393016
28.4284001319423	0.012168599896424
28.4617667987638	0.00958348728157005
28.4951334655854	0.00853012552912059
28.5285001324069	0.0134010044095643
28.5618667992284	0.0123463184527506
28.59523346605	0.0123104942675125
28.6286001328715	0.0134969402863141
28.661966799693	0.0140698440284406
28.6953334665145	0.0124139863580946
28.7287001333361	0.0151240033233463
28.7620668001576	0.012940475665615
28.7954334669791	0.0131870771958567
28.8288001338007	0.011915248830319
28.8621668006222	0.013176788190394
28.8955334674437	0.0112135075730465
28.9289001342652	0.0123362935778731
28.9622668010868	0.011774900579981
28.9956334679083	0.0149031585422311
29.0290001347298	0.0118801617677876
29.0623668015514	0.0110980972327302
29.0957334683729	0.0125474597489628
29.1291001351944	0.0137145813567887
29.1624668020159	0.0133493956233275
29.1958334688375	0.0133852198074003
29.229200135659	0.0110141065391919
29.2625668024805	0.0118212155026557
29.2959334693021	0.0109911314555629
29.3293001361236	0.0104476365847085
29.3626668029451	0.00975621560781816
29.3960334697666	0.0108288656406412
29.4294001365882	0.0104976205295344
29.4627668034097	0.0106015837668416
29.4961334702312	0.00885903453088561
29.5295001370528	0.00937413571583927
29.5628668038743	0.00896235676694529
29.5962334706958	0.0114973938106115
29.6296001375173	0.00552539301609965
29.6629668043389	0.00673014520015895
29.6963334711604	0.00154112721861637
29.7297001379819	5.11861952486987e-05
29.7630668048035	-0.000136087179950074
29.796433471625	-0.00143779063914595
29.8298001384465	-0.00106105230689992
29.863166805268	-0.00150514622500153
29.8965334720896	-0.000303505064755931
29.9299001389111	0.00321765217571828
29.9632668057326	0.0067768513942828
29.9966334725542	0.00746971775866271
30.0300001393757	0.00855096077944823
30.0633668061972	0.00873507247978148
30.0967334730187	0.0114893912504001
30.1301001398403	0.0110962429142465
30.1634668066618	0.0105818070190832
30.1968334734833	0.00876418183671455
30.2302001403049	0.00965651911164385
30.2635668071264	0.00821857599480133
30.2969334739479	0.0116234271628246
30.3303001407694	0.0117782289969924
30.363666807591	0.0115086272181092
30.3970334744125	0.0101538782493359
30.430400141234	0.0107545847321249
30.4637668080556	0.00773555013045669
30.4971334748771	0.00980280121158245
30.5305001416986	0.00884700012814578
30.5638668085201	0.00839156802162823
30.5972334753417	0.00756747468989866
30.6306001421632	0.00919195287886574
30.6639668089847	0.00885533387772736
30.6973334758063	0.00938826418071598
30.7307001426278	0.00893284839833836
30.7640668094493	0.0107694596750293
30.7974334762708	0.0102935308140042
30.8308001430924	0.010277540062349
30.8641668099139	0.00968303079290718
30.8975334767354	0.0110444646365594
30.930900143557	0.0109020232082431
30.9642668103785	0.00793098736623078
30.9976334772	0.00961067955948538
31.0310001440215	0.0114248184250052
31.0643668108431	0.0117467493320262
31.0977334776646	0.0126746548965098
31.1311001444861	0.0119534080319248
31.1644668113077	0.0110506532753302
31.1978334781292	0.00964383137846224
31.2312001449507	0.00973850138749695
31.2645668117722	0.00985252271341687
31.2979334785938	0.0109794879742621
31.3313001454153	0.0108626369393118
31.3646668122368	0.00988424765528403
31.3980334790584	0.0107463738726636
31.4314001458799	0.00959275511920478
31.4647668127014	0.010782501654282
31.4981334795229	0.00867336731099617
31.5315001463445	0.0109044715150455
31.564866813166	0.0118289284463288
31.5982334799875	0.0111177046351212
31.6316001468091	0.0108795085911366
31.6649668136306	0.0104510554905317
31.6983334804521	0.0119679540773728
31.7317001472736	0.0103934562025155
31.7650668140952	0.0101935347916162
31.7984334809167	0.0110708422497295
31.8318001477382	0.0106708488268178
31.8651668145598	0.0114142665950162
31.8985334813813	0.0132760166181396
31.9319001482028	0.0116655024892605
31.9652668150243	0.0121036845280785
31.9986334818459	0.0133166930486188
32.0320001486674	0.0116220889708636
32.0653668154889	0.0104976205295344
32.0987334823105	0.0116022546143563
32.132100149132	0.0113682096241312
32.1654668159535	0.00912295892215983
32.198833482775	0.0091823719487731
32.2322001495966	0.010379097479503
32.2655668164181	0.00842310035885997
32.2989334832396	0.00705753706370911
32.3323001500612	0.00971381855177238
32.3656668168827	0.00806643986045779
32.3990334837042	0.00726627390163657
32.4324001505257	0.00673039844984548
32.4657668173473	0.00729776633751457
32.4991334841688	0.00962919168632491
32.5325001509903	0.0059027244542176
32.5658668178119	0.00863158359640737
32.5992334846334	0.0114328017174294
32.6326001514549	0.00749645563975762
32.6659668182764	0.0144203804491222
32.699333485098	0.0142114150407326
32.7327001519195	0.0144072306376139
32.766066818741	0.0151358282159019
32.7994334855626	0.0137222324999447
32.8328001523841	0.0140162571064506
32.8661668192056	0.0158837163363976
32.8995334860271	0.0125781062771948
32.9329001528487	0.0116598728898498
32.9662668196702	0.00789839651045767
32.9996334864917	0.00963173377240172
33.0330001533133	0.00586757676213185
33.0663668201348	0.00117381045625463
33.0997334869563	0.00113036181114555
33.1331001537778	-0.000251191513711173
33.1664668205994	-0.000911724511353884
33.1998334874209	0.000355786012855173
33.2332001542424	-0.000816688141376001
33.266566821064	0.000820944799448301
33.2999334878855	0.00642080412963182
33.333300154707	0.00598894257651777
33.3666668215285	0.0100950771693309
33.4000334883501	0.0128567759261251
33.4334001551716	0.00973043154379528
33.4667668219931	0.0139717338320708
33.5001334888147	0.0142011490339154
33.5335001556362	0.0158741018917728
33.5668668224577	0.01698107205183
33.6002334892792	0.0217747115959275
33.6336001561008	0.0176556459310778
33.6669668229223	0.0169482622611488
33.7003334897438	0.0195057950525543
33.7337001565654	0.01465134064387
33.7670668233869	0.0117831917009502
33.8004334902084	0.0132883141007476
33.8338001570299	0.00993618914421193
33.8671668238515	0.00974010888309949
33.900533490673	0.00874077816867498
33.9339001574945	0.0102714804090888
33.9672668243161	0.0104668233216185
34.0006334911376	0.0104516170499418
34.0340001579591	0.00898780093419896
34.0673668247806	0.00859337133112411
34.1007334916022	0.00819874229633178
34.1341001584237	0.010426461693438
34.1674668252452	0.00976130700856899
34.2008334920668	0.0110664434367324
34.2342001588883	0.0112565090113876
34.2675668257098	0.0108170237566848
34.3009334925313	0.00937991716379044
34.3343001593529	0.0114255761612353
34.3676668261744	0.0106642876204248
34.4010334929959	0.0121130801396623
34.4344001598175	0.0116982386580953
34.467766826639	0.0144075868886276
34.5011334934605	0.0143278770535115
34.534500160282	0.0147987672918563
34.5678668271036	0.0170507442789525
34.6012334939251	0.0154012766646643
34.6346001607466	0.0151589270649678
34.6679668275682	0.0136920733973372
34.7013334943897	0.0107117234352429
34.7347001612112	0.012096260894064
34.7680668280327	0.0121093653087239
34.8014334948543	0.0123549569087589
34.8348001616758	0.0106013502950461
34.8681668284973	0.0115855741424122
34.9015334953189	0.00828895967622295
34.9349001621404	0.00850744797866633
34.9682668289619	0.00910543212493242
35.0016334957834	0.00916072153531
35.035000162605	0.0109827157740972
35.0683668294265	0.00984781108838445
35.101733496248	0.00903241979939197
35.1351001630696	0.0111464755716343
35.1684668298911	0.0143875557540405
35.2018334967126	0.0133258468589487
35.2352001635341	0.0151612126640488
35.2685668303557	0.0124202559084224
35.3019334971772	0.0159554396577773
35.3353001639987	0.015063768079857
35.3686668308203	0.012649770373206
35.4020334976418	0.0119619071580978
35.4354001644633	0.0123122478989587
35.4687668312848	0.0122001557767382
35.5021334981064	0.0102464699950519
35.5355001649279	0.00894054056262551
35.5688668317494	0.00729222559937239
35.602233498571	0.0106764491339509
35.6356001653925	0.00821582932676991
35.668966832214	0.00971178123834713
35.7023334990355	0.00686284803573473
35.7357001658571	0.00992327757210438
35.7690668326786	0.0110155965576284
35.8024334995001	0.00901914709899069
35.8358001663217	0.00937711806832474
35.8691668331432	0.0106211480386061
35.9025334999647	0.00781347681283824
35.9359001667862	0.00935141644444608
35.9692668336078	0.00616004683095225
36.0026335004293	0.00977886887043048
36.0360001672508	0.00843629014729978
36.0693668340724	0.00498245750422177
36.1027335008939	0.0057968675171266
36.1361001677154	0.0102055519256333
36.1694668345369	0.00644827927249012
36.2028335013585	0.0130290663701798
36.23620016818	0.0147667472832487
36.2695668350015	0.0146436009294186
36.3029335018231	0.0142973586336105
36.3363001686446	0.0142660819331896
36.3696668354661	0.0142853024181916
36.4030335022876	0.012570124669189
36.4364001691092	0.0111559784596264
36.4697668359307	0.0114775193204145
36.5031335027522	0.0100465559983534
36.5365001695738	0.00921426098139287
36.5698668363953	0.00990534250978967
36.6032335032168	0.007094932489786
36.6366001700383	0.00753538489130154
36.6699668368599	0.00602468156748115
36.7033335036814	0.00926688291674437
36.7367001705029	0.00961472422585428
36.7700668373245	0.00871853963287435
36.803433504146	0.00636380565700419
36.8368001709675	0.00988463119809332
36.870166837789	0.00660233518468683
36.9035335046106	0.00990519868123626
36.9369001714321	0.0109836268133869
36.9702668382536	0.0137618578482036
37.0036335050752	0.0124704188375397
37.0370001718967	0.0131155956841479
37.0703668387182	0.013319863141802
37.1037335055397	0.0105668639572446
37.1371001723613	0.011172857926626
37.1704668391828	0.0104112716551366
37.2038335060043	0.00725498491311829
37.2372001728259	0.00368686850024125
37.2705668396474	0.00459100793450248
37.3039335064689	0.0035189777824831
37.3373001732904	0.00378523615243649
37.370666840112	0.0066171020437005
37.4040335069335	0.00585318435880139
37.437400173755	0.00953898070596467
37.4707668405766	0.010615225076093
37.5041335073981	0.0255231015837889
37.5375001742196	0.0640865477355066
37.5708668410411	0.153183450333307
37.6042335078627	0.363974269359016
37.6376001746842	0.740923790567543
37.6709668415057	1.24748142953905
37.7043335083273	1.91820600740713
37.7377001751488	2.70231252731304
37.7710668419703	3.5621382283542
37.8044335087918	4.47910494149864
37.8378001756134	5.47449929837497
37.8711668424349	6.1804882314932
37.9045335092564	6.835563809097
37.937900176078	7.17057948082422
37.9712668428995	7.33798822297865
38.004633509721	7.28596415366486
38.0380001765425	7.08156022072838
38.0713668433641	6.766521357408
38.1047335101856	6.33264106867754
38.1381001770071	5.83638699634414
38.1714668438287	5.22403032015279
38.2048335106502	4.49608264087226
38.2382001774717	3.76635090700044
38.2715668442932	3.06290147448955
38.3049335111148	2.51240915903143
38.3383001779363	2.15107709970384
38.3716668447578	2.02295179405978
38.4050335115794	2.08423099625362
38.4384001784009	2.29199350441673
38.4717668452224	2.55342530041081
38.5051335120439	2.83524364564838
38.5385001788655	3.08858491793124
38.571866845687	3.37484608470623
38.6052335125085	3.68914456161846
38.6386001793301	4.03906535349525
38.6719668461516	4.34941120519886
38.7053335129731	4.62641758669985
38.7387001797946	4.81439227912351
38.7720668466162	4.8944387367773
38.8054335134377	4.86831808776012
38.8388001802592	4.77959257555098
38.8721668470808	4.6627099224525
38.9055335139023	4.56123382777943
38.9389001807238	4.47869153554065
38.9722668475453	4.38216548135579
39.0056335143669	4.25265712504795
39.0390001811884	4.09025648848412
39.0723668480099	3.88062313483768
39.1057335148314	3.67937316559866
39.139100181653	3.50216483406947
39.1724668484745	3.39687106966121
39.205833515296	3.38081050750573
39.2392001821176	3.40164625402275
39.2725668489391	3.47190981939849
39.3059335157606	3.53675097199726
39.3393001825822	3.58169059154145
39.3726668494037	3.61053464851037
39.4060335162252	3.63631003080867
39.4394001830467	3.67988662685264
39.4727668498683	3.75589208184803
39.5061335166898	3.84492433866802
39.5395001835113	3.94444245365584
39.5728668503329	4.01920160794545
39.6062335171544	4.05054970563177
39.6396001839759	4.06873148754722
39.6729668507974	4.05811805174334
39.706333517619	4.05032350517353
39.7397001844405	4.06773028207319
39.773066851262	4.10158255433219
39.8064335180836	4.14441730890366
39.8398001849051	4.17409565345242
39.8731668517266	4.15820736628767
39.9065335185481	4.10979839471228
39.9399001853697	4.03788169772511
39.9732668521912	3.95834166776545
40.0066335190127	3.89318149354909
40.0400001858343	3.85983758737445
40.0733668526558	3.83206071530898
40.1067335194773	3.80275502937046
40.1401001862988	3.73151078315379
40.1734668531204	3.6436453040062
40.2068335199419	3.56319140071256
40.2402001867634	3.49517751045882
40.273566853585	3.47380184474886
40.3069335204065	3.52468593079666
40.340300187228	3.62574607419533
40.3736668540495	3.76092106709187
40.4070335208711	3.88021798731884
40.4404001876926	3.98666157783083
40.4737668545141	4.04640972813855
40.5071335213357	4.05390732369879
40.5405001881572	4.03610088994192
40.5738668549787	4.01779323664975
40.6072335218002	4.00349774767083
40.6406001886218	3.99037793435692
40.6739668554433	3.97288111662515
40.7073335222648	3.94775765099665
40.7407001890864	3.92253510639182
40.7740668559079	3.87536401616537
40.8074335227294	3.83662472858542
40.8408001895509	3.82752070537857
40.8741668563725	3.83102421453532
40.907533523194	3.83258988151876
40.9409001900155	3.82902353619035
40.974266856837	3.8229363104141
41.0076335236586	3.81646792749516
41.0410001904801	3.80461162579168
41.0743668573016	3.79547053445607
41.1077335241232	3.8083120254753
41.1411001909447	3.81644216481528
41.1744668577662	3.84877884509175
41.2078335245877	3.85257267135929
41.2412001914093	3.8534567767651
41.2745668582308	3.815250924593
41.3079335250523	3.77361300135172
41.3413001918739	3.71324577147585
41.3746668586954	3.66830345898631
41.4080335255169	3.65019862087169
41.4414001923384	3.65600277505222
41.47476685916	3.67809116221068
41.5081335259815	3.73890040887722
41.541500192803	3.79432519946639
41.5748668596246	3.84109070530872
41.6082335264461	3.88272110840764
41.6416001932676	3.89510283517245
41.6749668600891	3.9057991450938
41.7083335269107	3.91607180281417
41.7417001937322	3.91786636421698
41.7750668605537	3.91593566041333
41.8084335273753	3.91770084172373
41.8418001941968	3.88859690592827
41.8751668610183	3.85808978856628
41.9085335278399	3.81550634557206
41.9419001946614	3.76893650421867
41.9752668614829	3.75515688481524
42.0086335283044	3.75129215771605
42.042000195126	3.75495424402588
42.0753668619475	3.78079052045096
42.108733528769	3.79320529148445
42.1421001955906	3.82877871264553
42.1754668624121	3.88578204364739
42.2088335292336	3.96539780770057
42.2422001960551	4.06369068461776
42.2755668628767	4.18305566106211
42.3089335296982	4.26635141840261
42.3423001965197	4.31865873225804
42.3756668633413	4.32954768035095
42.4090335301628	4.26908875104266
42.4424001969843	4.17133728750757
42.4757668638058	4.04140574705022
42.5091335306274	3.88740228184972
42.5425001974489	3.76851509966982
42.5758668642704	3.66399557084037
42.609233531092	3.577341989091
42.6426001979135	3.51280759439416
42.675966864735	3.46487713758572
42.7093335315565	3.4247843655971
42.7427001983781	3.41192134061713
42.7760668651996	3.44395529705118
42.8094335320211	3.51421779217771
42.8428001988426	3.62664937599692
42.8761668656642	3.74982055981868
42.9095335324857	3.89063922139278
42.9429001993072	4.01675372853879
42.9762668661288	4.10972313380972
43.0096335329503	4.18616698760756
43.0430001997718	4.20894569115255
43.0763668665933	4.19923069387548
43.1097335334149	4.15193177665905
43.1431002002364	4.05941495102007
43.1764668670579	3.95796644106376
43.2098335338795	3.84726552922964
43.243200200701	3.76646339796258
43.2765668675225	3.6977123351428
43.309933534344	3.65459647471512
43.3433002011656	3.64083241769127
43.3766668679871	3.65026548558252
43.4100335348086	3.67095515003884
43.4434002016302	3.69981275116422
43.4767668684517	3.73785299224206
43.5101335352732	3.77535439719446
43.5435002020947	3.80732662333164
43.5768668689163	3.821720605689
43.6102335357378	3.83830014557706
43.6436002025593	3.84961705307027
43.6769668693809	3.86305558738901
43.7103335362024	3.88313602755921
43.7437002030239	3.90083347631449
43.7770668698454	3.90750608620289
43.810433536667	3.92094462727656
43.8438002034885	3.9328578457198
43.87716687031	3.95097629943295
43.9105335371316	3.95826415812446
43.9439002039531	3.95862810389546
43.9772668707746	3.94331973357243
44.0106335375961	3.90065413937348
44.0440002044177	3.833768056709
44.0773668712392	3.75449907844157
44.1107335380607	3.66086242853233
44.1441002048823	3.58070141845263
44.1774668717038	3.52378406909464
44.2108335385253	3.50059947114397
44.2442002053468	3.50156267902313
44.2775668721684	3.54531693489562
44.3109335389899	3.61536276593895
44.3443002058114	3.70071650868287
44.377666872633	3.78672987768565
44.4110335394545	3.86936167403157
44.444400206276	3.95937561358062
44.4777668730976	4.04516989496705
44.5111335399191	4.12450833052347
44.5445002067406	4.19359606867878
44.5778668735621	4.22947601139963
44.6112335403837	4.23468425277474
44.6446002072052	4.21431712624678
44.6779668740267	4.15341235164035
44.7113335408482	4.06893781358671
44.7447002076698	3.98441606854326
44.7780668744913	3.89596735828934
44.8114335413128	3.82514091336179
44.8448002081344	3.76944401812779
44.8781668749559	3.70507203616964
44.9115335417774	3.67038566616585
44.9449002085989	3.65027119203095
44.9782668754205	3.62730172617422
45.011633542242	3.62136717327983
45.0450002090635	3.61749302686401
45.0783668758851	3.61633662197177
45.1117335427066	3.62798529516764
45.1451002095281	3.65609921463779
45.1784668763496	3.69258700105046
45.2118335431712	3.74357741435778
45.2452002099927	3.79971940138654
45.2785668768142	3.86197744915894
45.3119335436358	3.92820501090094
45.3453002104573	4.00635061076335
45.3786668772788	4.06761597708358
45.4120335441003	4.11629472325642
45.4454002109219	4.13948597610883
45.4787668777434	4.12776966590904
45.5121335445649	4.09843587054754
45.5455002113865	4.04217453789258
45.578866878208	3.9811863928509
45.6122335450295	3.92742869843573
45.645600211851	3.86661011688368
45.6789668786726	3.81373418628607
45.7123335454941	3.77400676955268
45.7457002123156	3.73527156135841
45.7790668791372	3.70150611425627
45.8124335459587	3.69227487990951
45.8458002127802	3.69129258697516
45.8791668796017	3.72696085375218
45.9125335464233	3.78934463802562
45.9459002132448	3.85862680778111
45.9792668800663	3.93157324778818
46.0126335468879	3.99158693716024
46.0460002137094	4.03207336650802
46.0793668805309	4.04103707274562
46.1127335473524	4.0349167329651
46.146100214174	4.01444572855835
46.1794668809955	3.98927141776632
46.212833547817	3.9621388523352
46.2462002146386	3.93478820929125
46.2795668814601	3.91059193064694
46.3129335482816	3.88177977560221
46.3463002151031	3.84642110093279
46.3796668819247	3.79796158767174
46.4130335487462	3.74512733798876
46.4464002155677	3.69519594991384
46.4797668823893	3.66169531702216
46.5131335492108	3.62338661542502
46.5465002160323	3.62115429062999
46.5798668828538	3.65538449166482
46.6132335496754	3.70982924229098
46.6466002164969	3.79517306716692
46.6799668833184	3.8933555105228
46.71333355014	3.98928709761963
46.7467002169615	4.05909436549458
46.780066883783	4.12096519459349
46.8134335506045	4.14746632891534
46.8468002174261	4.15533177603842
46.8801668842476	4.14847109653492
46.9135335510691	4.08980032692296
46.9469002178907	4.00889867214202
46.9802668847122	3.92846133006754
47.0136335515337	3.83528389398686
47.0470002183552	3.7744406870309
47.0803668851768	3.71611301311948
47.1137335519983	3.67264827179971
47.1471002188198	3.65687820783278
47.1804668856414	3.66069467474168
47.2138335524629	3.66546512896686
47.2472002192844	3.676001711949
47.2805668861059	3.67773305387659
47.3139335529275	3.67307747499543
47.347300219749	3.66084104816128
47.3806668865705	3.6551036229697
47.4140335533921	3.65527304139492
47.4474002202136	3.60129659593077
47.4807668870351	3.37684181492329
47.5141335538566	2.96238102709147
47.5475002206782	2.38182670223019
47.5808668874997	1.67501498462558
47.6142335543212	0.832255730911179
47.6476002211428	-0.0558970705093759
47.6809668879643	-1.01248647224885
47.7143335547858	-1.90973350619368
47.7477002216073	-2.80730132070583
47.7810668884289	-3.5315716607255
47.8144335552504	-4.12762567214237
47.8478002220719	-4.51821283791785
47.8811668888935	-4.66862727092837
47.914533555715	-4.53109474741597
47.9479002225365	-4.130050900437
47.981266889358	-3.43619303745207
48.0146335561796	-2.55593006263322
48.0480002230011	-1.48447233274927
48.0813668898226	-0.271509798145037
48.1147335566442	0.79119297545685
48.1481002234657	1.93255329940981
48.1814668902872	2.79412828028099
48.2148335571087	3.52608173373928
48.2482002239303	4.04893716850805
48.2815668907518	4.33181836728542
48.3149335575733	4.38007620641736
48.3483002243949	4.14638431132729
48.3816668912164	3.66806015258818
48.4150335580379	2.94228165885886
48.4484002248594	2.04540677084398
48.481766891681	0.937109808048216
48.5151335585025	-0.0544628932884662
48.548500225324	-1.17584586040927
48.5818668921456	-2.17853041724466
48.6152335589671	-2.95895222315337
48.6486002257886	-3.60894198318431
48.6819668926101	-3.98348042486913
48.7153335594317	-4.11156982199193
48.7487002262532	-3.96754983768099
48.7820668930747	-3.5404325229803
48.8154335598963	-2.91958708712905
48.8488002267178	-2.10327129900087
48.8821668935393	-1.21765574811749
48.9155335603608	-0.304362821375437
48.9489002271824	0.598224574870621
48.9822668940039	1.36533700696027
49.0156335608254	1.98570505603226
49.049000227647	2.45810022546373
49.0823668944685	2.78997797892159
49.11573356129	2.94309805087224
49.1491002281115	2.92314822581546
49.1824668949331	2.74418703180502
49.2158335617546	2.40056805314857
49.2492002285761	1.92864792474467
49.2825668953977	1.34187209531743
49.3159335622192	0.699382050235725
49.3493002290407	0.0170790021886762
49.3826668958622	-0.67083893621403
49.4160335626838	-1.28002609016954
49.4494002295053	-1.83086706750806
49.4827668963268	-2.2543521064131
49.5161335631484	-2.52834239810943
49.5495002299699	-2.65824006288415
49.5828668967914	-2.62497577059662
49.6162335636129	-2.41749047794335
49.6496002304345	-2.06148421249855
49.682966897256	-1.58187048361382
49.7163335640775	-1.01229531399153
49.7497002308991	-0.389064902043899
49.7830668977206	0.209496392955568
49.8164335645421	0.761567109494049
49.8498002313636	1.25546417663202
49.8831668981852	1.64959840859436
49.9165335650067	1.94458614568531
49.9499002318282	2.1159888987302
49.9832668986498	2.16996528626198
50.0166335654713	2.0864552570458
50.0500002322928	1.86755189546624
50.0833668991143	1.50618400464306
50.1167335659359	1.07507847962293
50.1501002327574	0.599104928119047
50.1834668995789	0.0564254937966869
50.2168335664005	-0.463385809318737
50.250200233222	-0.945303718565268
50.2835669000435	-1.35888107172911
50.316933566865	-1.68452717836401
50.3503002336866	-1.89470355949002
50.3836669005081	-1.99825302558045
50.4170335673296	-1.96987076206923
50.4504002341512	-1.80191601861403
50.4837669009727	-1.52960840547078
50.5171335677942	-1.15455691204861
50.5505002346157	-0.731351756310384
50.5838669014373	-0.259185734520618
50.6172335682588	0.173068574421438
50.6506002350803	0.591801293156049
50.6839669019019	0.94975014298785
50.7173335687234	1.24016667374815
50.7507002355449	1.44565903825799
50.7840669023664	1.56698268705234
50.817433569188	1.60118530188998
50.8508002360095	1.52419533781054
50.884166902831	1.35492685682669
50.9175335696526	1.10739396852101
50.9509002364741	0.78732215575131
50.9842669032956	0.417493249230597
51.0176335701171	0.0346117541088028
51.0510002369387	-0.33663239718477
51.0843669037602	-0.691445654967167
51.1177335705817	-0.977214964062552
51.1511002374033	-1.21357988177255
51.1844669042248	-1.38196359259794
51.2178335710463	-1.45172047191096
51.2512002378678	-1.43599561265188
51.2845669046894	-1.32670541145324
51.3179335715109	-1.13984697297402
51.3513002383324	-0.872377482373973
51.384666905154	-0.565037427819958
51.4180335719755	-0.23711450414399
51.451400238797	0.109180346495597
51.4847669056185	0.405702179445243
51.5181335724401	0.682606016046211
51.5515002392616	0.902636445403565
51.5848669060831	1.06717398116782
51.6182335729047	1.16299711756027
51.6516002397262	1.1874440372031
51.6849669065477	1.14252800912509
51.7183335733692	1.02189339755804
51.7517002401908	0.834523787631933
51.7850669070123	0.584990517472166
51.8184335738338	0.310819642194596
51.8518002406554	0.023795725466993
51.8851669074769	-0.258596218458708
51.9185335742984	-0.517237103319469
51.9519002411199	-0.739849724221098
51.9852669079415	-0.914748217899446
52.018633574763	-1.029282011475
52.0520002415845	-1.08904597043509
52.0853669084061	-1.07846258680825
52.1187335752276	-0.994715325329836
52.1521002420491	-0.86146100704996
52.1854669088706	-0.659624070681024
52.2188335756922	-0.42045479910249
52.2522002425137	-0.170533292216897
52.2855669093352	0.0674432758594088
52.3189335761568	0.305551680255592
52.3523002429783	0.501303439828683
52.3856669097998	0.675010273489638
52.4190335766213	0.787643933616801
52.4524002434429	0.867009121149212
52.4857669102644	0.894094227179686
52.5191335770859	0.843990257503193
52.5525002439075	0.755559768305846
52.585866910729	0.619854940055774
52.6192335775505	0.434261849763236
52.652600244372	0.232445973433258
52.6859669111936	0.0154267674752069
52.7193335780151	-0.191042195234227
52.7527002448366	-0.374025113685656
52.7860669116582	-0.545527523150112
52.8194335784797	-0.668840687265539
52.8528002453012	-0.760274346060112
52.8861669121227	-0.804695618960932
52.9195335789443	-0.806089430156297
52.9529002457658	-0.742613071518168
52.9862669125873	-0.640289641778076
53.0196335794089	-0.497741873400224
53.0530002462304	-0.32364751107207
53.0863669130519	-0.137669365275914
53.1197335798734	0.0455716951815603
53.153100246695	0.214369537295306
53.1864669135165	0.368897850609395
53.219833580338	0.493106035592109
53.2532002471596	0.585418508502625
53.2865669139811	0.637759941432653
53.3199335808026	0.65957066196771
53.3533002476241	0.630330111190172
53.3866669144457	0.559167411597588
53.4200335812672	0.453254399569269
53.4534002480887	0.322846310685885
53.4867669149103	0.17183147236017
53.5201335817318	0.00507525427277284
53.5535002485533	-0.151091122679581
53.5868669153748	-0.289984344172331
53.6202335821964	-0.416589701008874
53.6536002490179	-0.504754911494208
53.6869669158394	-0.571091036519056
53.720333582661	-0.600600468068943
53.7537002494825	-0.599484068244703
53.787066916304	-0.556260154231354
53.8204335831255	-0.478612764562605
53.8538002499471	-0.374421121819518
53.8871669167686	-0.245200615020348
53.9205335835901	-0.108706553105966
53.9539002504117	0.0332479204672071
53.9872669172332	0.159459132367933
54.0206335840547	0.270444747203697
54.0540002508762	0.359055540603827
54.0873669176978	0.421712764056138
54.1207335845193	0.471013096444807
54.1541002513408	0.478474071512106
54.1874669181624	0.467135130201482
54.2208335849839	0.413109461289991
54.2542002518054	0.33548643532939
54.2875669186269	0.238358266598779
54.3209335854485	0.120997972044311
54.35430025227	0.0108916337612401
54.3876669190915	-0.109136753810043
54.4210335859131	-0.217134217008791
54.4544002527346	-0.312616741694109
54.4877669195561	-0.381371785036256
54.5211335863776	-0.419660760073076
54.5545002531992	-0.450486105402154
54.5878669200207	-0.453270693047909
54.6212335868422	-0.419497411419974
54.6546002536638	-0.365591517929535
54.6879669204853	-0.285082617747171
54.7213335873068	-0.184033587620205
54.7547002541283	-0.0821042971248635
54.7880669209499	0.0189520336972345
54.8214335877714	0.115050076371537
54.8548002545929	0.202441748123686
54.8881669214145	0.270997893207093
54.921533588236	0.317891768796691
54.9549002550575	0.3482657154229
54.988266921879	0.357126025983874
55.0216335887006	0.346031987042457
55.0550002555221	0.311501868438492
55.0883669223436	0.247743296220452
55.1217335891652	0.178701673801593
55.1551002559867	0.0917483365872912
55.1884669228082	0.000257161085065606
55.2218335896297	-0.088749266331131
55.2552002564513	-0.163047163678861
55.2885669232728	-0.227672995313014
55.3219335900943	-0.282013294606537
55.3553002569159	-0.317451545970776
55.3886669237374	-0.335693593630963
55.4220335905589	-0.337684696508715
55.4554002573804	-0.318970672216425
55.488766924202	-0.275167262389307
55.5221335910235	-0.220797274650641
55.555500257845	-0.152354565156143
55.5888669246666	-0.0772447343052822
55.6222335914881	0.000319304360821053
55.6556002583096	0.07410796477948
55.6889669251311	0.135484696611115
55.7223335919527	0.190939029711026
55.7557002587742	0.226377692444204
55.7890669255957	0.252319733953475
55.8224335924173	0.25613506112089
55.8558002592388	0.253133058489392
55.8891669260603	0.223742947359492
55.9225335928818	0.176223490555674
55.9559002597034	0.126770255382008
55.9892669265249	0.0621175650568249
56.0226335933464	-0.000930126290470086
56.0560002601679	-0.0705106045727414
56.0893669269895	-0.130841500872351
56.122733593811	-0.178059383928241
56.1561002606325	-0.215187671119301
56.1894669274541	-0.24414162285412
56.2228335942756	-0.264171495755465
56.2562002610971	-0.262903150165643
56.2895669279186	-0.250534354916108
56.3229335947402	-0.212824383064657
56.3563002615617	-0.170989918721328
56.3896669283832	-0.1121053362623
56.4230335952048	-0.0600635643085009
56.4564002620263	-0.00295155968717331
56.4897669288478	0.0532425477384601
56.5231335956693	0.104222165127092
56.5565002624909	0.141384210235207
56.5898669293124	0.168337617083285
56.6232335961339	0.184759665290935
56.6566002629555	0.193383312162218
56.689966929777	0.183687701555829
56.7233335965985	0.166066791578936
56.7567002634201	0.144765997235428
56.7900669302416	0.0950395863638695
56.8234335970631	0.0439663435198372
56.8568002638846	-0.00354975732352095
56.8901669307062	-0.0515316945936608
56.9235335975277	-0.0947108544921164
56.9569002643492	-0.126595051962428
56.9902669311708	-0.155668441638647
57.0236335979923	-0.18563207965945
57.0570002648138	-0.186852135994686
57.0903669316353	-0.192522170961357
57.1237335984569	-0.180321730261087
57.1571002652784	-0.153129282394986
57.1904669320999	-0.125878781564545
57.2238335989215	-0.0901393871817282
57.257200265743	-0.0426726178523586
57.2905669325645	-0.00526912290642699
57.323933599386	0.0328357796195015
57.3573002662076	0.0713865401086341
57.3906669330291	0.0925416117924124
57.4240335998506	0.121561609237017
57.4574002666722	0.133782192320504
57.4907669334937	0.135564356724681
57.5241336003152	0.132868695213663
57.5575002671367	0.120402236633356
57.5908669339583	0.09977597188235
57.6242336007798	0.0733131244114342
57.6576002676013	0.0310101599295282
57.6909669344229	-0.00797079854921123
57.7243336012444	-0.0436077886014311
57.7577002680659	-0.0751341699555411
57.7910669348874	-0.114494048646972
57.824433601709	-0.127331108670486
57.8578002685305	-0.142401574875434
57.891166935352	-0.145244583254217
57.9245336021735	-0.146440951340266
57.9579002689951	-0.141053660445358
57.9912669358166	-0.124804800664286
58.0246336026381	-0.109230334440629
58.0580002694597	-0.0700678930960885
58.0913669362812	-0.0409231067556385
58.1247336031027	-0.0096610336129898
58.1581002699242	0.0151707178538777
58.1914669367458	0.0462691152415374
58.2248336035673	0.0670093356347567
58.2582002703888	0.0852676781823236
58.2915669372104	0.0945760295594534
58.3249336040319	0.0953800639005684
58.3583002708534	0.095063233231566
58.3916669376749	0.0837028317526827
58.4250336044965	0.0633548130298077
58.458400271318	0.0408103637097256
58.4917669381395	0.0142798223202724
58.5251336049611	-0.00859703278964659
58.5585002717826	-0.0386782095227734
58.5918669386041	-0.0627317506793062
58.6252336054256	-0.0801941825741759
58.6586002722472	-0.0995555586140702
58.6919669390687	-0.110443986452098
58.7253336058902	-0.122291636997228
58.7587002727118	-0.114966867885107
58.7920669395333	-0.106814969755938
58.8254336063548	-0.0952749888897192
58.8588002731763	-0.0762176353248406
58.8921669399979	-0.0583215464076889
58.9255336068194	-0.029841541036352
58.9589002736409	-0.00567848833140061
58.9922669404625	0.0107452084603524
59.025633607284	0.0327138026008835
59.0590002741055	0.0476038434155993
59.0923669409271	0.0592777930288751
59.1257336077486	0.0668272293697307
59.1591002745701	0.0709982742016538
59.1924669413916	0.0692844483033055
59.2258336082132	0.0654134689046997
59.2592002750347	0.0515753235808039
59.2925669418562	0.0329004348395884
59.3259336086778	0.0175184996339477
59.3593002754993	-0.00461230203401687
59.3926669423208	-0.0308087364940126
59.4260336091423	-0.0451645335700748
59.4594002759639	-0.0600630672552451
59.4927669427854	-0.0738956399839137
59.5261336096069	-0.08036720468524
59.5595002764285	-0.0941800638584331
59.59286694325	-0.0894301681707635
59.6262336100715	-0.0907244186100766
59.659600276893	-0.0766553405816949
59.6929669437146	-0.0645118772721074
59.7263336105361	-0.04705348107777
59.7597002773576	-0.035197278034866
59.7930669441791	-0.0119037595980195
59.8264336110007	0.00128557099167597
59.8598002778222	0.0214441977356186
59.8931669446437	0.0309255638151991
59.9265336114653	0.0411755127148046
59.9599002782868	0.0436704646370693
59.9932669451083	0.047078884509023
60.0266336119298	0.0449518083428935
60.0600002787514	0.0408423533787059
60.0933669455729	0.027313155973795
60.1267336123944	0.014901776893331
60.160100279216	0.00150140756062177
60.1934669460375	-0.00980364555270627
60.226833612859	-0.0183515792713094
60.2602002796805	-0.0406240997487583
60.2935669465021	-0.0570808890934858
60.3269336133236	-0.0611309835509477
60.3603002801451	-0.0667529516714358
60.3936669469667	-0.0721652816810511
60.4270336137882	-0.0723627870188659
60.4604002806097	-0.0696756984490239
60.4937669474312	-0.0611939041396035
60.5271336142528	-0.051913429016946
60.5605002810743	-0.0428245327401587
60.5938669478958	-0.0286210407689563
60.6272336147174	-0.0119804303297867
60.6606002815389	-0.000114988140344524
60.6939669483604	0.00837951589433074
60.7273336151819	0.0162287642752978
60.7607002820035	0.0241158644964757
60.794066948825	0.0275284340114889
60.8274336156465	0.0256238552093885
60.8608002824681	0.0295719395028346
60.8941669492896	0.020838639248396
60.9275336161111	0.0225261378563089
60.9609002829326	0.0142664947221295
60.9942669497542	0.0005856350719017
61.0276336165757	-0.00773520435862552
61.0610002833972	-0.0225078591364511
61.0943669502188	-0.0349430239840502
61.1277336170403	-0.0431773909910534
61.1611002838618	-0.0435778203933808
61.1944669506833	-0.0488303123132438
61.2278336175049	-0.0522701263919927
61.2612002843264	-0.0547022683045225
61.2945669511479	-0.0524849009208418
61.3279336179695	-0.0470966300462437
61.361300284791	-0.0451647488167603
61.3946669516125	-0.0383936967518598
61.428033618434	-0.0257524991240741
61.4614002852556	-0.0213181098966561
61.4947669520771	-0.0122118385202981
61.5281336188986	-0.00286479926650649
61.5615002857202	0.00769387234339889
61.5948669525417	0.0127051157167062
61.6282336193632	0.0151755827148115
61.6616002861848	0.0150502267543533
61.6949669530063	0.0161187354538531
61.7283336198278	0.0141302360151857
61.7617002866493	0.00953259241528843
61.7950669534709	0.00111491587336938
61.8284336202924	-0.0074453975469063
61.8618002871139	-0.0110281124779344
61.8951669539354	-0.0178739245688636
61.928533620757	-0.0247465205483636
61.9619002875785	-0.03662849579418
61.9952669544	-0.0435200023027753
62.0286336212216	-0.0397714856609539
62.0620002880431	-0.0465708656194743
62.0953669548646	-0.0472889759021343
62.1287336216861	-0.0503817888099602
62.1621002885077	-0.0445419708415589
62.1954669553292	-0.0438636207225079
62.2288336221507	-0.0402850485410893
62.2622002889723	-0.0298004759024471
62.2955669557938	-0.0241866902269743
62.3289336226153	-0.0186485450556227
62.3623002894368	-0.0138132276747232
62.3956669562584	-0.0120141305518041
62.4290336230799	-0.00710598113839392
62.4624002899014	-0.00455033824538332
62.495766956723	0.000662918957138119
62.5291336235445	-1.33179594886065e-06
62.562500290366	0.00202033445131651
62.5958669571875	-0.00204849242266802
62.6292336240091	-0.00420477442598897
62.6626002908306	-0.00981180232415106
62.6959669576521	-0.0147835753169737
62.7293336244737	-0.0154864762162705
62.7627002912952	-0.0279964884775449
62.7960669581167	-0.0313858102533924
62.8294336249382	-0.0349281626755586
62.8628002917598	-0.038003481124882
62.8961669585813	-0.0386747469232482
62.9295336254028	-0.0392704179110574
62.9629002922244	-0.0408593036224475
62.9962669590459	-0.0379646325448868
63.0296336258674	-0.0332634162263637
63.0630002926889	-0.0245752957805612
63.0963669595105	-0.0170556833389467
63.129733626332	-0.0171298238139942
63.1631002931535	-0.0121605023311647
63.1964669599751	-0.0127073139727746
63.2298336267966	-0.00506943826587662
63.2632002936181	-0.00578228502926419
63.2965669604396	-0.00348797357325263
63.3299336272612	-0.0043838379486735
63.3633002940827	-0.00156571258794854
63.3966669609042	-0.0028564063465308
63.4300336277258	-0.00480985845469353
63.4634002945473	-0.0101333607601985
63.4967669613688	-0.00800556438404302
63.5301336281903	-0.0162436407982998
63.5635002950119	-0.0185395634156669
63.5968669618334	-0.024838304799847
63.6302336286549	-0.0275229095765641
63.6636002954765	-0.0333295103825495
63.696966962298	-0.0317451497953741
63.7303336291195	-0.0353683712402061
63.763700295941	-0.0351343149020989
63.7970669627626	-0.0383891427174876
63.8304336295841	-0.0337107608131123
63.8638002964056	-0.0313888575697672
63.8971669632272	-0.0285260468848421
63.9305336300487	-0.0232474944644617
63.9639002968702	-0.0226852295048709
63.9972669636917	-0.0175417909142524
64.0306336305133	-0.0185624315677152
64.0640002973348	-0.0112257530891882
64.0973669641563	-0.0103527839073648
64.1307336309779	-0.00602377039364661
64.1641002977994	-0.00425047546435564
64.1974669646209	-0.00425047546435564
64.2308336314425	-0.0069505615017238
64.264200298264	-0.010740513840183
64.2975669650855	-0.0116693227639505
64.330933631907	-0.0117821263016032
64.3643002987286	-0.0160513499280482
64.3976669655501	-0.0188239817474828
64.4310336323716	-0.0252738682258986
64.4644002991931	-0.0313775537003638
64.4977669660147	-0.0305136795227638
64.5311336328362	-0.0320428373554842
64.5645002996577	-0.0317819563668267
64.5978669664793	-0.0374197554515629
64.6312336333008	-0.0354379614962893
64.6646003001223	-0.0332601921211748
64.6979669669438	-0.0328987468948578
64.7313336337654	-0.0297884088797096
64.7647003005869	-0.0235711768592273
64.7980669674084	-0.0183875024014491
64.83143363423	-0.011742980707997
64.8648003010515	-0.0095821731753615
64.898166967873	-0.0115277390892472
64.9315336346945	-0.00978421271699345
64.9649003015161	-0.00881273844467926
64.9982669683376	-0.0076384426127478
65.0316336351591	-0.00686433189471208
65.0650003019807	-0.00715155681388348
65.0983669688022	-0.0101965390751208
65.1317336356237	-0.011755762182164
65.1651003024452	-0.013440323915909
65.1984669692668	-0.0161803202131516
65.2318336360883	-0.0150233619962155
65.2652003029098	-0.0168488853843554
65.2985669697314	-0.0180127694534558
65.3319336365529	-0.0200726061025913
65.3653003033744	-0.0209109877151755
65.3986669701959	-0.0217530571675873
65.4320336370175	-0.025846259855465
65.465400303839	-0.0218633091424761
65.4987669706605	-0.0223726603630351
65.5321336374821	-0.0169685181855588
65.5655003043036	-0.0158896558383438
65.5988669711251	-0.0144132653138736
65.6322336379466	-0.0130095700892866
65.6656003047682	-0.0141007003478175
65.6989669715897	-0.011904820857192
65.7323336384112	-0.00752267302721404
65.7657003052328	-0.00929458064009918
65.7990669720543	-0.00962969696999759
65.8324336388758	-0.0108065633488477
65.8658003056973	-0.0111936217897851
65.8991669725189	-0.0123007240351674
65.9325336393404	-0.00968540059957751
65.9659003061619	-0.00693675633090586
65.9992669729835	-0.00766521843838044
66.032633639805	-0.0124250296416474
66.0660003066265	-0.0148561824796107
66.099366973448	-0.0168409210525046
66.1327336402696	-0.0154803714171927
66.1661003070911	-0.0183633950877917
66.1994669739126	-0.0211689418552395
66.2328336407342	-0.0274825274441107
66.2662003075557	-0.0268924383272204
66.2995669743772	-0.027156579136022
66.3329336411987	-0.0244727556879281
66.3663003080203	-0.0227142845228994
66.3996669748418	-0.0225865620815355
66.4330336416633	-0.0211718523017349
66.4664003084849	-0.017760696784588
66.4997669753064	-0.0149905340184899
66.5331336421279	-0.0152232371364954
66.5665003089494	-0.0130562162890842
66.599866975771	-0.012763682733836
66.6332336425925	-0.013299820742268
66.666600309414	-0.0116463355779728
66.6999669762356	-0.0101440813813307
66.7333336430571	-0.00974048883660573
66.7667003098786	-0.00978991583182289
66.8000669767001	-0.011383675336621
66.8334336435217	-0.0110633721175195
66.8668003103432	-0.01300351384646
66.9001669771647	-0.0176590334050197
66.9335336439863	-0.0153246525510221
66.9669003108078	-0.0198027288762204
67.0002669776293	-0.0177685322077946
67.0336336444508	-0.0188225621414245
67.0670003112724	-0.0185440827512566
67.1003669780939	-0.0193871580811336
67.1337336449154	-0.0252726909782029
67.167100311737	-0.024821198693504
67.2004669785585	-0.0232606920925286
67.23383364538	-0.0261901451387578
67.2672003122015	-0.0220966466533274
67.3005669790231	-0.0197527290593745
67.3339336458446	-0.0231205684586373
67.3673003126661	-0.019648013527216
67.4006669794877	-0.0186418839977676
67.4340336463092	-0.0175510362295974
67.4674003131307	-0.0186455845854653
67.5007669799522	-0.0184547514003811
67.5341336467738	-0.015084739091216
67.5675003135953	-0.0106473421324525
67.6008669804168	-0.0109816663134058
67.6342336472384	-0.00861753160094981
67.6676003140599	-0.0119062045242151
67.7009669808814	-0.013301097495163
67.7343336477029	-0.0128211329775333
67.7677003145245	-0.0120831682534841
67.801066981346	-0.0139208236468415
67.8344336481675	-0.0183488242014124
67.8678003149891	-0.0150002496207085
67.9011669818106	-0.0150918648222367
67.9345336486321	-0.0126037051751405
67.9679003154536	-0.0169568293718622
68.0012669822752	-0.0137279307411585
68.0346336490967	-0.0125320746139865
68.0680003159182	-0.0155612716552386
68.1013669827398	-0.0170642380091566
68.1347336495613	-0.0184283023709949
68.1681003163828	-0.0209890303065339
68.2014669832043	-0.0193713772571388
68.2348336500259	-0.0163316306026945
68.2682003168474	-0.0122242822876423
68.3015669836689	-0.0107306231487018
68.3349336504905	-0.00918268306013926
68.368300317312	-0.00865957715671973
68.4016669841335	-0.00805903128989352
68.435033650955	-0.0122795361901777
68.4684003177766	-0.00626824229446981
68.5017669845981	-0.00829916232678947
68.5351336514196	-0.00886794733242264
68.5685003182411	-0.0172756242270781
68.6018669850627	-0.0184696480725413
68.6352336518842	-0.019931274444059
68.6686003187057	-0.017417152099728
68.7019669855273	-0.0170165612431658
68.7353336523488	-0.0216613712687171
68.7687003191703	-0.017080396830655
68.8020669859919	-0.0175772957542288
68.8354336528134	-0.014388995879934
68.8688003196349	-0.0122355891527992
68.9021669864564	-0.0121243825710153
68.935533653278	-0.0116819426476278
68.9689003200995	-0.0114894440145332
69.002266986921	-0.00901940615820345
69.0356336537426	-0.0100246940583032
69.0690003205641	-0.00803132383166894
69.1023669873856	-0.00981799935180663
69.1357336542071	-0.00936007406215892
69.1691003210287	-0.0101798180231028
69.2024669878502	-0.011388659630516
69.2358336546717	-0.0124721472022458
69.2692003214933	-0.0102490666003584
69.3025669883148	-0.00859792641140465
69.3359336551363	-0.011891891753506
69.3693003219578	-0.0126185968417242
69.4026669887794	-0.0125030857405791
69.4360336556009	-0.013832646326591
69.4694003224224	-0.0156040908353458
69.502766989244	-0.0137193617404466
69.5361336560655	-0.0138359587413836
69.569500322887	-0.0171773800548392
69.6028669897085	-0.0208926057824544
69.6362336565301	-0.0200855572217973
69.6696003233516	-0.0242727641516075
69.7029669901731	-0.022450143643173
69.7363336569947	-0.0223723513100963
69.7697003238162	-0.0240398256045032
69.8030669906377	-0.0247241222326558
69.8364336574592	-0.0202528869746905
69.8698003242808	-0.0198481253450694
69.9031669911023	-0.01780603606707
69.9365336579238	-0.0151585284131488
69.9699003247454	-0.0133077542205968
70.0032669915669	-0.0132478187199999
70.0366336583884	-0.0118083267816606
70.0700003252099	-0.0125642051386698
70.1033669920315	-0.0125870343209311
70.136733658853	-0.0110436737389933
70.1701003256745	-0.011198880550316
70.2034669924961	-0.0126130754011097
70.2368336593176	-0.0097802031035092
70.2702003261391	-0.0123458875994436
70.3035669929606	-0.0151174004738563
70.3369336597822	-0.0104278689042904
70.3703003266037	-0.0184298513135219
70.4036669934252	-0.0164351000945044
70.4370336602468	-0.017077556199425
70.4704003270683	-0.0204526879365797
70.5037669938898	-0.0210696870693344
70.5371336607113	-0.0174209607991443
70.5705003275329	-0.0181086386558102
70.6038669943544	-0.0197381734048255
70.6372336611759	-0.0187838245649209
70.6706003279974	-0.0200776259162378
70.703966994819	-0.0206058711963761
70.7373336616405	-0.0175690499568806
70.770700328462	-0.0181843744929632
70.8040669952836	-0.0189791586851857
70.8374336621051	-0.0194590702830809
70.8708003289266	-0.0171235545826567
70.9041669957482	-0.019351971320996
70.9375336625697	-0.0195707562430397
70.9709003293912	-0.0214364276185148
71.0042669962127	-0.020160783026794
71.0376336630343	-0.0203112245662384
71.0710003298558	-0.0191669452298044
71.1043669966773	-0.0202870333227045
71.1377336634988	-0.0189986561527015
71.1711003303204	-0.0191304489838411
71.2044669971419	-0.0176982341149904
71.2378336639634	-0.0136452212559176
71.271200330785	-0.0127570736119743
71.3045669976065	-0.0101118805203433
71.337933664428	-0.010905037049328
71.3713003312496	-0.0106753126161575
71.4046669980711	-0.0136215206091859
71.4380336648926	-0.0108699277577084
71.4714003317141	-0.0123754083535235
71.5047669985357	-0.00997751829289305
71.5381336653572	-0.0145430750771537
71.5715003321787	-0.017898849512039
71.6048669990003	-0.0188215745893842
71.6382336658218	-0.0206425992411304
71.6716003326433	-0.021439407000361
71.7049669994648	-0.0219561808416391
71.7383336662864	-0.020754331089954
71.7717003331079	-0.021081628460162
71.8050669999294	-0.0244353262460769
71.838433666751	-0.0187107868430905
71.8718003335725	-0.0223218695882607
71.905167000394	-0.0197682321372778
71.9385336672155	-0.0147066008060002
71.9719003340371	-0.0152808568818535
72.0052670008586	-0.0176982341149904
72.0386336676801	-0.0135704923546599
72.0720003345017	-0.0170639565250153
72.1053670013232	-0.0164596746869686
72.1387336681447	-0.0183626097737866
72.1721003349662	-0.0174952304376394
72.2054670017878	-0.0182149707401803
72.2388336686093	-0.0198954502694958
72.2722003354308	-0.0191747686197123
72.3055670022523	-0.0189454653015327
72.3389336690739	-0.0214493237824631
72.3723003358954	-0.0234495469421207
72.4056670027169	-0.0205083522436152
72.4390336695385	-0.018695852160328
72.47240033636	-0.0191431425894697
72.5057670031815	-0.018327390538759
72.5391336700031	-0.0184515489501871
72.5725003368246	-0.0210925868215088
72.6058670036461	-0.0226632632110891
72.6392336704676	-0.0212391504127999
72.6726003372892	-0.0199179384374766
72.7059670041107	-0.0230781703249534
72.7393336709322	-0.0237032129693912
72.7727003377537	-0.023983539298951
72.8060670045753	-0.0216433191872801
72.8394336713968	-0.0166125065620259
72.8728003382183	-0.020512238845133
72.9061670050399	-0.0184784050935791
72.9395336718614	-0.0190207728794456
72.9729003386829	-0.0171415436141524
73.0062670055045	-0.0163183312709811
73.039633672326	-0.0125939091660999
73.0730003391475	-0.0151850149162576
73.106367005969	-0.0135223675284454
73.1397336727906	-0.0141035442482191
73.1731003396121	-0.0160264390739586
73.2064670064336	-0.013004058781071
73.2398336732551	-0.0140411034636163
73.2732003400767	-0.0154486950373547
73.3065670068982	-0.0162158690932964
73.3399336737197	-0.0149509175391447
73.3733003405413	-0.016066485876643
73.4066670073628	-0.0172379018300245
73.4400336741843	-0.0200442182958188
73.4734003410059	-0.0178777321019053
73.5067670078274	-0.0174370161474865
73.5401336746489	-0.018949585101029
73.5735003414704	-0.0168456186584104
73.606867008292	-0.0184876928431616
73.6402336751135	-0.0176850152709385
73.673600341935	-0.0153145779259154
73.7069670087565	-0.0185201514244243
73.7403336755781	-0.010993625358807
73.7737003423996	-0.0135366584032429
73.8070670092211	-0.0120756912460885
73.8404336760427	-0.0115177447440556
73.8738003428642	-0.0162095404411235
73.9071670096857	-0.0152725340126924
73.9405336765073	-0.0145300453869384
73.9739003433288	-0.0148187870612835
74.0072670101503	-0.0159797843270088
74.0406336769718	-0.0169617901092716
74.0740003437934	-0.0164934513958101
74.1073670106149	-0.0170240248148608
74.1407336774364	-0.0171223117834928
74.174100344258	-0.0205023913873781
74.2074670110795	-0.0208009101731243
74.240833677901	-0.0190510009316696
74.2742003447225	-0.0197352408700462
74.3075670115441	-0.0190444689820057
74.3409336783656	-0.023878183414407
74.3743003451871	-0.0218009617222552
74.4076670120086	-0.0230879405961522
74.4410336788302	-0.0255556690050622
74.4744003456517	-0.0235132201962768
74.5077670124732	-0.0227006281736367
74.5411336792948	-0.0188984247380054
74.5745003461163	-0.0129067606077837
74.6078670129378	-0.0137440752352482
74.6412336797594	-0.0133092428553976
74.6746003465809	-0.01514825104155
74.7079670134024	-0.0140507426892774
74.7413336802239	-0.0127135417925058
74.7747003470455	-0.0111991303205392
74.808067013867	-0.0131798159446053
74.8414336806885	-0.0121409135428854
74.87480034751	-0.013732329277645
74.9081670143316	-0.013176788190393
74.9415336811531	-0.0114389533453557
74.9749003479746	-0.0125681767963028
75.0082670147962	-0.0138560178943739
75.0416336816177	-0.0123958987361903
75.0750003484392	-0.0194895270477668
75.1083670152608	-0.0190615797977447
75.1417336820823	-0.0232310484161197
75.1751003489038	-0.0244158092217896
75.2084670157253	-0.0230479773801341
75.2418336825469	-0.023561140795632
75.2752003493684	-0.021424267829519
75.3085670161899	-0.0211757750774461
75.3419336830114	-0.0210561991289425
75.375300349833	-0.0199566499010032
75.4086670166545	-0.0198319588091947
75.442033683476	-0.0165807711265361
75.4754003502976	-0.0195810931350489
75.5087670171191	-0.0210063452222588
75.5421336839406	-0.0194562040279042
75.5755003507622	-0.0150591861782125
75.6088670175837	-0.0154691740354622
75.6422336844052	-0.0123804888225821
75.6756003512267	-0.0131276210771752
75.7089670180483	-0.0136410295677409
75.7423336848698	-0.0108421503033318
75.7757003516913	-0.01250133947206
75.8090670185128	-0.0118346325267847
75.8424336853344	-0.0134997486380166
75.8758003521559	-0.0113359135774377
75.9091670189774	-0.0091382444319791
75.942533685799	-0.0108404896025476
75.9759003526205	-0.0126649821612247
76.009267019442	-0.0137065884734623
76.0426336862635	-0.0110628651815307
76.0760003530851	-0.0139393915644131
76.1093670199066	-0.0157464637488778
76.1427336867281	-0.0158509005881209
76.1761003535497	-0.0148326944482701
76.2094670203712	-0.0164000130374455
76.2428336871927	-0.0137872691752297
76.2762003540143	-0.0157306599396247
76.3095670208358	-0.0142471713749351
76.3429336876573	-0.0136427221384589
76.3763003544788	-0.0141629991074094
76.4096670213004	-0.0146328784094256
76.4430336881219	-0.0167874608462393
76.4764003549434	-0.0168396977176327
76.5097670217649	-0.0203202556386655
76.5431336885865	-0.020834290685434
76.576500355408	-0.0179453690241472
76.6098670222295	-0.0157422974721678
76.6432336890511	-0.0152243835188741
76.6766003558726	-0.0148340653450415
76.7099670226941	-0.014931826443523
76.7433336895157	-0.0133570781989353
76.7767003563372	-0.0130062650726915
76.8100670231587	-0.0197021211636636
76.8434336899802	-0.0130447647976477
76.8768003568018	-0.0145415267438365
76.9101670236233	-0.0186934651135938
76.9435336904448	-0.0194350432797966
76.9769003572663	-0.0184087469715885
77.0102670240879	-0.0205402854020028
77.0436336909094	-0.0212415707244819
77.0770003577309	-0.0222587348248395
77.1103670245525	-0.024962431542652
77.143733691374	-0.0255928199892489
77.1771003581955	-0.0275251711547592
77.2104670250171	-0.0244857206240924
77.2438336918386	-0.0237950822265708
77.2772003586601	-0.020777948209853
77.3105670254816	-0.0234730400289985
77.3439336923032	-0.0253437514175672
77.3773003591247	-0.0279595330306498
77.4106670259462	-0.0268148126122921
77.4440336927677	-0.0303182917510582
77.4774003595893	-0.0290664366134071
77.5107670264108	-0.0285417505182678
77.5441336932323	-0.0257375016101111
77.5775003600539	-0.0249932151267508
77.6108670268754	-0.0229513695807142
77.6442336936969	-0.0245729250344292
77.6776003605185	-0.0220822492325299
77.71096702734	-0.0189986561527015
77.7443336941615	-0.0201415803884343
77.777700360983	-0.0206532145842337
77.8110670278046	-0.0224253191993468
77.8444336946261	-0.022276520174694
77.8778003614476	-0.0221525034104922
77.9111670282691	-0.023766397180735
77.9445336950907	-0.0230826291214464
77.9779003619122	-0.0215987044016617
78.0112670287337	-0.0219414364156648
78.0446336955553	-0.0187438048660593
78.0780003623768	-0.0193011904236331
78.1113670291983	-0.0153856902225923
78.1447336960198	-0.0162394819881488
78.1781003628414	-0.0170707681975244
78.2114670296629	-0.020509281208224
78.2448336964844	-0.0194785379843734
78.278200363306	-0.0171549007393258
78.3115670301275	-0.0197282707873807
78.344933696949	-0.0173837943757069
78.3783003637705	-0.0107656576625957
78.4116670305921	-0.0121354993226353
78.4450336974136	-0.0115532572424579
78.4784003642351	-0.0226564887986448
78.5117670310567	-0.0213480262227528
78.5451336978782	-0.0300398945234365
78.5785003646997	-0.0292285306978083
78.6118670315212	-0.0238267296552663
78.6452336983428	-0.0066538041652538
78.6786003651643	-0.0112265739492652
78.7119670319858	-0.00553169670750897
78.7453336988074	-0.00948125562016201
78.7787003656289	-0.00876117926316656
78.8120670324504	-0.00864577240968448
78.845433699272	-0.00844423572880461
78.8788003660935	-0.00648729376514031
78.912167032915	-0.00530204962902164
78.9455336997365	-0.00502794034190692
78.9789003665581	-0.0018639435563079
79.0122670333796	0.0163477934997625
79.0456337002011	0.0417349869935014
