0.0333666668215285	0
0.0667333336430571	-0.00503832047697794
0.100100000464586	-0.015363354270088
0.133466667286114	-0.0157280037197638
0.166833334107643	-0.0175211046838428
0.200200000929171	-0.0138163685144642
0.2335666677507	-0.00475436463521792
0.266933334572228	0.00150477388024938
0.300300001393757	-0.00102494464387842
0.333666668215285	-0.011791898388909
0.367033335036814	-0.0168018531340175
0.400400001858343	-0.0104636627462235
0.433766668679871	-0.0165910664249076
0.4671333355014	-0.00813185860188314
0.500500002322928	-0.000709867988074131
0.533866669144457	-0.00500679237467674
0.567233335965985	-0.000989201719889893
0.600600002787514	-0.00647607354900635
0.633966669609042	-0.0111710603678632
0.667333336430571	-0.00742925304360959
0.700700003252099	-0.00919647706439528
0.734066670073628	-0.00925583956340447
0.767433336895156	-0.0027704375608227
0.800800003716685	-0.00896052712103374
0.834166670538214	-0.0128047773102287
0.867533337359742	-0.0108116826327449
0.900900004181271	-0.0124212127088355
0.934266671002799	-0.0182311544933788
0.967633337824328	-0.020936786338637
1.00100000464586	-0.0188762918453404
1.03436667146738	-0.0192336432439213
1.06773333828891	-0.0217532420601426
1.10110000511044	-0.0227886414904386
1.13446667193197	-0.0272358800752477
1.1678333387535	-0.0268917855694615
1.20120000557503	-0.0253526784487008
1.23456667239656	-0.0216730847307834
1.26793333921808	-0.0240685818129612
1.30130000603961	-0.0252186041611105
1.33466667286114	-0.0257436675229213
1.36803333968267	-0.0259710162993175
1.4014000065042	-0.0230333227964644
1.43476667332573	-0.0182925797842821
1.46813334014726	-0.0109146534975869
1.50150000696878	-0.00737791377069304
1.53486667379031	-0.00584251780263824
1.56823334061184	-0.00413414351244735
1.60160000743337	-0.00310878640334082
1.6349666742549	-0.00259039322360295
1.66833334107643	-0.00315030467733587
1.70170000789796	-0.00296704320018195
1.73506667471948	-0.00279799927009024
1.76843334154101	-0.00415466167769505
1.80180000836254	-0.00318880052345854
1.83516667518407	-0.0034476240943315
1.8685333420056	-0.00411597631187435
1.90190000882713	-0.00735530518207616
1.93526667564866	-0.000209475330870903
1.96863334247018	-0.00558839395711321
2.00200000929171	-0.00525292060559061
2.03536667611324	-0.00572664097346431
2.06873334293477	-0.00798805118458243
2.1021000097563	-0.00785666415524405
2.13546667657783	-0.0118222802090793
2.16883334339936	-0.0077116264061542
2.20220001022088	-0.00715917526337287
2.23556667704241	-0.00731372657265445
2.26893334386394	-0.00674087097889182
2.30230001068547	-0.00336104189004837
2.335666677507	-0.00696000805104373
2.36903334432853	0.000597590783251535
2.40240001115006	0.000681360034511527
2.43576667797158	-0.00364237528605145
2.46913334479311	-0.000872096068514455
2.50250001161464	-0.00805143972141696
2.53586667843617	-0.00753300795385546
2.5692333452577	-0.00523307241662723
2.60260001207923	-0.00538732753425333
2.63596667890075	-0.00424646095412941
2.66933334572228	-0.00517589437926439
2.70270001254381	0.00123508480259427
2.73606667936534	-0.00441624181368748
2.76943334618687	-0.00454805449300049
2.8028000130084	-0.00491161670812101
2.83616667982993	-0.00488449851009035
2.86953334665145	-0.00583628094067084
2.90290001347298	-0.00544445010217904
2.93626668029451	-0.00523447740110488
2.96963334711604	-0.0080436558426826
3.00300001393757	-0.00423779876972005
3.0363666807591	-0.00363371487880289
3.06973334758063	-0.0048745707195717
3.10310001440215	0.00261802129940967
3.13646668122368	0.00189084711485875
3.16983334804521	-0.00215942536024302
3.20320001486674	0.00103747652557061
3.23656668168827	-0.00456330211778658
3.2699333485098	-0.00214101987936669
3.30330001533133	-0.00336930456356108
3.33666668215285	-0.00224254213356844
3.37003334897438	-0.00313121847445474
3.40340001579591	-0.00380084110567742
3.43676668261744	-0.00596977963585133
3.47013334943897	-0.00546576160926696
3.5035000162605	-0.00119268613086814
3.53686668308203	-0.00181869294818255
3.57023334990355	-0.000731498711330881
3.60360001672508	-0.0013094950551517
3.63696668354661	-0.000865980240897662
3.67033335036814	-0.00236134568881314
3.70370001718967	-0.00394161875313653
3.7370666840112	-0.00381371634490282
3.77043335083273	-0.00451509948604091
3.80380001765425	-0.00424976226376667
3.83716668447578	-0.00256825830024995
3.87053335129731	-0.00397242156416902
3.90390001811884	-0.00683336961791772
3.93726668494037	-0.00353243887905038
3.9706333517619	-0.00105754499462082
4.00400001858343	-0.00203557658445729
4.03736668540495	2.85256351041386e-06
4.07073335222648	-0.000134249386326748
4.10410001904801	0.00156053843971138
4.13746668586954	0.00243742419028469
4.17083335269107	-5.72876893128529e-05
4.2042000195126	0.000429261575204359
4.23756668633412	0.000595007853506653
4.27093335315565	0.00048310793364639
4.30430001997718	-0.00325888240231423
4.33766668679871	-0.00308122100832713
4.37103335362024	-0.00356074714915941
4.40440002044177	-0.00502525495214474
4.4377666872633	-0.00525308002453361
4.47113335408482	-0.00450693276437254
4.50450002090635	-0.00494270022029993
4.53786668772788	-0.00501919473801065
4.57123335454941	-0.00519520033296375
4.60460002137094	-0.00303656780095125
4.63796668819247	-0.00355362011456847
4.671333355014	-0.0044804826079773
4.70470002183552	-0.00500103399407022
4.73806668865705	-0.00490998718359665
4.77143335547858	-0.00515594320041061
4.80480002230011	-0.0032949656128158
4.83816668912164	-0.00395579261268308
4.87153335594317	-0.00333021037797011
4.9049000227647	-0.003045508101716
4.93826668958622	-0.00374491300144046
4.97163335640775	-0.00371529071106965
5.00500002322928	-0.0033377397125611
5.03836669005081	-0.000449886335793495
5.07173335687234	-0.00292217602676268
5.10510002369387	-0.00161014210025827
5.1384666905154	-0.000371263562586113
5.17183335733692	-0.00508231269382638
5.20520002415845	-0.00553827194080418
5.23856669097998	-0.0064700033325055
5.27193335780151	-0.0054398053717487
5.30530002462304	-0.00537480781261478
5.33866669144457	-0.00597804299359542
5.3720333582661	-0.00501179261682968
5.40540002508762	-0.00550678482985363
5.43876669190915	-0.00633470686528324
5.47213335873068	-0.00293294341850789
5.50550002555221	-0.00204922337306037
5.53886669237374	-3.37630640952462e-05
5.57223335919527	0.00283768421559726
5.60560002601679	-0.00337255211942664
5.63896669283832	0.00112856297093188
5.67233335965985	-0.00136553260907519
5.70570002648138	-0.00189319795958385
5.73906669330291	-0.00351129531372478
5.77243336012444	-0.000247442919535179
5.80580002694597	-0.00203430761872013
5.83916669376749	-0.000301156425416727
5.87253336058902	-0.00151388571366255
5.90590002741055	-0.00247910447393859
5.93926669423208	-0.000213172963253649
5.97263336105361	-0.000610204893048842
6.00600002787514	-0.00317629611796148
6.03936669469667	-0.0027581733134197
6.07273336151819	-0.00910155376447024
6.10610002833972	-0.00667636411134457
6.13946669516125	-0.00808757760366109
6.17283336198278	-0.00692082637687453
6.20620002880431	-0.00629834794279913
6.23956669562584	-0.00540235594379614
6.27293336244737	-0.00675189437360045
6.30630002926889	-0.00753480691480034
6.33966669609042	-0.00698891916888206
6.37303336291195	-0.00628815735823403
6.40640002973348	-0.00411283989558462
6.43976669655501	-0.0035412054232278
6.47313336337654	-0.00681683107979722
6.50650003019807	-0.00159279522411216
6.53986669701959	-0.00280983475270278
6.57323336384112	-0.00159065174667496
6.60660003066265	-0.00196439452697168
6.63996669748418	0.000820915687736575
6.67333336430571	-0.000235893109716521
6.70670003112724	-5.16604230451279e-05
6.74006669794877	0.000464829260597983
6.77343336477029	-0.00179873352972278
6.80680003159182	0.00024363228998092
6.84016669841335	-0.00429402113560337
6.87353336523488	-0.00266295970111881
6.90690003205641	-0.003635128789698
6.94026669887794	-0.00578701837378044
6.97363336569947	-0.00586381203171838
7.00700003252099	-0.00601664706005541
7.04036669934252	-0.00509563356738968
7.07373336616405	-0.0106919512887476
7.10710003298558	-0.0117459976825505
7.14046669980711	-0.0110480716458747
7.17383336662864	-0.0119130503607016
7.20720003345017	-0.00990937527132396
7.24056670027169	-0.00797112564392665
7.27393336709322	-0.00806488250319358
7.30730003391475	-0.00848946346605844
7.34066670073628	-0.00887743356021387
7.37403336755781	-0.00885251140804921
7.40740003437934	-0.00953712224491188
7.44076670120087	-0.00983577505397266
7.47413336802239	-0.0037511605016758
7.50750003484392	-0.00289950435450926
7.54086670166545	-0.00220120338148102
7.57423336848698	-0.00154828179596455
7.60760003530851	-0.0011127576347974
7.64096670213004	-0.0030397134344281
7.67433336895157	-0.00286506478960935
7.70770003577309	-0.00825181600784274
7.74106670259462	-0.00125419456988633
7.77443336941615	-0.00898665151247852
7.80780003623768	-0.00809637335771041
7.84116670305921	-0.00434134140575927
7.87453336988074	-0.00841631604158634
7.90790003670226	-0.0103254575228549
7.94126670352379	-0.00861551429090283
7.97463337034532	-0.00971066725682596
8.00800003716685	-0.0114883119949015
8.04136670398838	-0.00922409019584642
8.07473337080991	-0.0146083521072292
8.10810003763144	-0.0151259645190319
8.14146670445296	-0.0120097008046415
8.17483337127449	-0.0114546225693519
8.20820003809602	-0.0122363800889395
8.24156670491755	-0.0124096713097512
8.27493337173908	-0.0109153701868194
8.30830003856061	-0.00945111001926643
8.34166670538213	-0.00784774194262028
8.37503337220366	-0.00576810636707537
8.40840003902519	-0.00562266111463629
8.44176670584672	-0.00560760727783886
8.47513337266825	-0.00849540783049422
8.50850003948978	-0.00834648866483302
8.54186670631131	-0.0078375023921859
8.57523337313284	-0.00172407501952172
8.60860003995436	-0.00442765958583861
8.64196670677589	-0.00677961497575671
8.67533337359742	-0.00803761243892452
8.70870004041895	-0.00885833695525326
8.74206670724048	-0.0123229643282205
8.77543337406201	-0.0107829845824577
8.80880004088353	-0.0122663974859026
8.84216670770506	-0.0111010463594726
8.87553337452659	-0.0124807470684416
8.90890004134812	-0.00777819764574897
8.94226670816965	-0.00550452556507011
8.97563337499118	-0.00988209152527792
9.00900004181271	-0.00788702266077655
9.04236670863424	-0.00707374003357998
9.07573337545576	-0.00337091766076345
9.10910004227729	-0.00623365678412594
9.14246670909882	-0.00582729957408845
9.17583337592035	-0.00334366584366012
9.20920004274188	-0.00322202707008387
9.24256670956341	-0.00502619017471118
9.27593337638493	-0.000594448378143487
9.30930004320646	-0.0061073984102131
9.34266671002799	-0.00630578355258955
9.37603337684952	-0.00315014484046384
9.40940004367105	-0.00573305899140446
9.44276671049258	-0.00520081761551296
9.47613337731411	-0.00875999578735689
9.50950004413563	-0.00699580884416673
9.54286671095716	-0.00657884992975804
9.57623337777869	-0.00743291686939307
9.60960004460022	-0.0114835016530338
9.64296671142175	-0.0127995976556701
9.67633337824328	-0.0109975054840036
9.70970004506481	-0.0115645670833941
9.74306671188633	-0.0139308404413338
9.77643337870786	-0.0143205656736518
9.80980004552939	-0.0131248451728862
9.84316671235092	-0.0104777387489033
9.87653337917245	-0.00722033281034105
9.90990004599398	-0.00304285438411713
9.94326671281551	-0.00425719037824161
9.97663337963703	0.000419723494491042
10.0100000464586	0.00223944597069068
10.0433667132801	0.00359349925722726
10.0767333801016	0.000478910461019911
10.1101000469231	0.00323146447035948
10.1434667137447	0.00619169364208327
10.1768333805662	0.00208875975710979
10.2102000473877	0.00100908177317713
10.2435667142093	0.00172141519872122
10.2769333810308	-0.00376023792964131
10.3103000478523	-0.00341407249884971
10.3436667146738	-0.00457836938467662
10.3770333814954	-0.00275183388644981
10.4104000483169	-0.00472711857920014
10.4437667151384	-0.00558643162290591
10.47713338196	-0.00454810011618523
10.5105000487815	-0.00692180428345587
10.543866715603	-0.00625079752275074
10.5772333824245	-0.00269897469104607
10.6106000492461	-0.00195549008782686
10.6439667160676	-0.00112599600305252
10.6773333828891	-0.00260440993427819
10.7107000497107	-0.00122754063463407
10.7440667165322	-0.00599248584469695
10.7774333833537	-0.0017803345631382
10.8108000501752	-0.00211396541942416
10.8441667169968	-0.000277762381612776
10.8775333838183	-0.002987752788918
10.9109000506398	0.000228582103925596
10.9442667174614	-0.00188305167660033
10.9776333842829	-0.000516496483885086
11.0110000511044	-0.00201885187999996
11.0443667179259	-0.00191782721591517
11.0777333847475	-0.00629182080102215
11.111100051569	-0.00526895060225655
11.1444667183905	-0.00499676308485113
11.1778333852121	-0.00714837655276818
11.2112000520336	-0.00420360552209308
11.2445667188551	-0.00600831529688461
11.2779333856766	-0.00645150325193617
11.3113000524982	-0.0053809107213268
11.3446667193197	-0.00534754334024887
11.3780333861412	-0.00629343247679336
11.4114000529628	-0.00753725227599888
11.4447667197843	-0.00401908752282096
11.4781333866058	-0.00594123268472329
11.5115000534273	-0.00281015250195739
11.5448667202489	-0.000235867073056639
11.5782333870704	0.00111248793887046
11.6116000538919	-0.000261638507072324
11.6449667207135	-0.000436024575376429
11.678333387535	0.0024243650991237
11.7117000543565	0.000306767784808306
11.745066721178	0.000514927821513056
11.7784333879996	0.000724770042860291
11.8118000548211	0.00188948354966005
11.8451667216426	0.00131466531143553
11.8785333884642	-0.00260968102264546
11.9119000552857	-0.00182959112596123
11.9452667221072	-0.00290267785037882
11.9786333889287	-0.0033077598647913
12.0120000557503	-0.00639334471227434
12.0453667225718	-0.00831037427569857
12.0787333893933	-0.00361655692980086
12.1121000562149	-0.00404367053289871
12.1454667230364	-0.00651426140940507
12.1788333898579	-0.0057629453783453
12.2122000566794	-0.00625283294234854
12.245566723501	-0.00765753994551392
12.2789333903225	-0.0054654180144666
12.312300057144	-0.00496470912396902
12.3456667239656	-0.0015835650938729
12.3790333907871	-0.00333139782568033
12.4124000576086	-0.00670542154393055
12.4457667244301	-0.00783843699500487
12.4791333912517	-0.00460434682676779
12.5125000580732	-0.00384098045247695
12.5458667248947	-0.00245552314135596
12.5792333917163	5.17943626579529e-07
12.6126000585378	-0.00116579062700338
12.6459667253593	-0.00641661464916785
12.6793333921808	-0.00443946899399601
12.7127000590024	-0.00268817779845639
12.7460667258239	-0.00276774129200455
12.7794333926454	-0.00269170502461544
12.812800059467	-0.00759070961431207
12.8461667262885	-0.00290549051912556
12.87953339311	-0.00427858567651344
12.9129000599315	-0.00394819118058168
12.9462667267531	-0.00603038538301377
12.9796333935746	-0.00754042828224346
13.0130000603961	-0.00448975164877298
13.0463667272177	-0.00449104925473377
13.0797333940392	-0.00834326032322945
13.1131000608607	-0.00455266462173703
13.1464667276822	-0.00543629623706872
13.1798333945038	-0.00241403868691005
13.2132000613253	-0.00209126380114867
13.2465667281468	-0.00238916785519799
13.2799333949684	-0.0899180229150943
13.3133000617899	-0.00230953247289547
13.3466667286114	-0.00136733467485708
13.3800333954329	-0.0012924545911654
13.4134000622545	-0.000531167819786091
13.446766729076	-0.00313626872180588
13.4801333958975	-0.000991223048538051
13.5135000627191	-0.00267400430567446
13.5468667295406	-0.000774776402882191
13.5802333963621	-0.100484998792643
13.6136000631836	-0.0558334987189322
13.6469667300052	-0.00173156829567219
13.6803333968267	0.00263572821035149
13.7137000636482	0.000970283165795302
13.7470667304698	0.00178858111697323
13.7804333972913	-0.0778130440850725
13.8138000641128	-0.00310862931176356
13.8471667309343	-0.0022911812142618
13.8805333977559	-0.119043774720729
13.9139000645774	-0.00510849521458892
13.9472667313989	-0.00493094569486291
13.9806333982205	-0.0570536406282946
14.014000065042	-0.00682760011070503
14.0473667318635	-0.00369994950647977
14.080733398685	-0.00449084179920506
14.1141000655066	-0.00348881075146604
14.1474667323281	-0.00655447926975437
14.1808333991496	-0.00128984627147905
14.2142000659712	-0.00207830384473973
14.2475667327927	-0.00342333467874942
14.2809333996142	-0.00274118927708366
14.3143000664357	-0.00297855139731752
14.3476667332573	-0.00174794379666774
14.3810334000788	-0.000673505187793115
14.4144000669003	-0.00100520444280845
14.4477667337219	0.000167989124944993
14.4811334005434	-0.00133353326418244
14.5145000673649	-0.00218111067698176
14.5478667341864	-0.00451432046708561
14.581233401008	-0.00600957393953577
14.6146000678295	-0.00758255333434605
14.647966734651	-0.00708009675778827
14.6813334014726	-0.00341689358967659
14.7147000682941	-0.00747731406505043
14.7480667351156	-0.00281360321680429
14.7814334019371	-0.00394454740174253
14.8148000687587	-0.00705580589575052
14.8481667355802	-0.00348740995644656
14.8815334024017	-0.00597180047595362
14.9149000692233	-0.00276612182924422
14.9482667360448	-0.00363267809689443
14.9816334028663	-0.0047762817961425
15.0150000696878	-0.00201593029790331
15.0483667365094	-0.00318252536507872
15.0817334033309	-0.00163081973394909
15.1151000701524	-0.00120897979027434
15.148466736974	-0.00142249271250658
15.1818334037955	-0.00089325924196906
15.215200070617	-0.00245032594501852
15.2485667374385	-0.0038380503879186
15.2819334042601	-0.00674385660506726
15.3153000710816	-0.00321896600491841
15.3486667379031	-0.00415925039763441
15.3820334047247	-0.00446806326440103
15.4154000715462	-0.00435300346614169
15.4487667383677	-0.00573416733815877
15.4821334051892	-0.00987732697181714
15.5155000720108	-0.00980989312197991
15.5488667388323	-0.00924580461766339
15.5822334056538	-0.00988952138643757
15.6156000724754	-0.0111409622480512
15.6489667392969	-0.0146210584015839
15.6823334061184	-0.0145371638357622
15.7157000729399	-0.0141183085129261
15.7490667397615	-0.0116321455925624
15.782433406583	-0.0138063117718606
15.8158000734045	-0.00967754986601443
15.8491667402261	-0.0108676039402193
15.8825334070476	-0.00908763519078825
15.9159000738691	-0.0097705719601466
15.9492667406906	-0.00309564034004028
15.9826334075122	-0.00265884617089187
16.0160000743337	-0.00484552006161743
16.0493667411552	-0.00443867735199389
16.0827334079768	-0.0105337675366815
16.1161000747983	-0.00631375966411139
16.1494667416198	-0.00703612178922647
16.1828334084413	-0.00882581090443674
16.2162000752629	-0.00743055132288621
16.2495667420844	-0.00866594074593699
16.2829334089059	-0.00888633743618947
16.3163000757275	-0.00753350679494259
16.349666742549	-0.0118934093589853
16.3830334093705	-0.0110744207786543
16.416400076192	-0.00702208622503813
16.4497667430136	-0.0106537676399387
16.4831334098351	-0.00966019329725215
16.5165000766566	-0.0168951909474764
16.5498667434782	-0.0171849747593335
16.5832334102997	-0.0156933803830842
16.6166000771212	-0.0202164434498807
16.6499667439427	-0.0179757002515692
16.6833334107643	-0.0223409917323939
16.7167000775858	-0.0197233879003051
16.7500667444073	-0.0171350047229728
16.7834334112289	-0.0206425880803403
16.8168000780504	-0.0179253580819816
16.8501667448719	-0.016312128941358
16.8835334116934	-0.0145685718269326
16.916900078515	-0.00836468487776589
16.9502667453365	-0.00612428200254885
16.983633412158	-0.00157265609834129
17.0170000789796	-0.00546501131801907
17.0503667458011	-0.00343489942787444
17.0837334126226	-0.00179817188268321
17.1171000794441	-0.00244429839227767
17.1504667462657	-0.00354246231462247
17.1838334130872	-0.00485055858284139
17.2172000799087	-0.00379136543866624
17.2505667467303	-0.00436455392996962
17.2839334135518	-0.0018682564344761
17.3173000803733	-0.00340604151361097
17.3506667471948	-0.00287246670275418
17.3840334140164	-0.00668334000361298
17.4174000808379	-0.00573358163714506
17.4507667476594	-0.00763403801168437
17.484133414481	-0.00916870324569997
17.5175000813025	-0.0133323170975264
17.550866748124	-0.0130868752728151
17.5842334149455	-0.0144126766951812
17.6176000817671	-0.0123135617049716
17.6509667485886	-0.0124721308615016
17.6843334154101	-0.0140834475279649
17.7177000822317	-0.0160979413598741
17.7510667490532	-0.00822863300092159
17.7844334158747	-0.00336347222737094
17.8178000826962	-0.00381662176708679
17.8511667495178	-0.00462738154796714
17.8845334163393	-0.000158419355368845
17.9179000831608	-0.000375984023415917
17.9512667499824	-0.00118254190049031
17.9846334168039	-0.00176891983619047
18.0180000836254	-0.00336313644405346
18.0513667504469	-0.00338761178752922
18.0847334172685	-0.00228319586334743
18.11810008409	-0.00701660541880128
18.1514667509115	-0.00919128101502891
18.1848334177331	-0.00635253401339062
18.2182000845546	-0.00626117810356647
18.2515667513761	-0.00927047890469537
18.2849334181976	-0.225876585328169
18.3183000850192	-0.0108494041736122
18.3516667518407	-0.00855562223947234
18.3850334186622	-0.00290178171747817
18.4184000854838	-0.00638995419268708
18.4517667523053	-0.00289302459903175
18.4851334191268	2.66056755783001e-05
18.5185000859483	-0.00182285146668375
18.5518667527699	-0.000117896666057889
18.5852334195914	-0.00161299568334685
18.6186000864129	0.000295414206261361
18.6519667532345	0.00184336845102976
18.685333420056	0.00100366426447648
18.7187000868775	0.00175024376073647
18.752066753699	0.00103760774342808
18.7854334205206	-0.000196250973807873
18.8188000873421	-0.00251051158726511
18.8521667541636	-0.00316865511417896
18.8855334209852	-0.00402490847209389
18.9189000878067	-0.00351404583377406
18.9522667546282	-0.00296160108305812
18.9856334214497	-0.00462073343380767
19.0190000882713	-0.00804339176840416
19.0523667550928	-0.00962530199939223
19.0857334219143	-0.0109034303021171
19.1191000887359	-0.0108014612977573
19.1524667555574	-0.0077370402011286
19.1858334223789	-0.0111065300857902
19.2192000892004	-0.00879414986478575
19.252566756022	-0.00741579010022886
19.2859334228435	-0.00712398503323866
19.319300089665	-0.00399268124498516
19.3526667564866	-0.00355253780875198
19.3860334233081	-0.00405133883905769
19.4194000901296	-0.00547291897009538
19.4527667569511	-0.000445099472211435
19.4861334237727	-0.00111997461423698
19.5195000905942	0.0019482353458745
19.5528667574157	0.00241203025131914
19.5862334242373	0.00369415427952973
19.6196000910588	0.00135406172729842
19.6529667578803	0.00115461270680823
19.6863334247018	0.00247518299200527
19.7197000915234	0.00195765592689264
19.7530667583449	-0.00312437569899567
19.7864334251664	0.00110876976830248
19.819800091988	0.000293199193314359
19.8531667588095	-0.00447532390332834
19.886533425631	-0.00357642802727005
19.9199000924525	-0.00566499354316583
19.9532667592741	-0.00511310528124939
19.9866334260956	-0.00481617844108811
20.0200000929171	-0.00572560157433193
20.0533667597387	-0.00566603842624978
20.0867334265602	-0.00827744849859089
20.1201000933817	-0.00629695560946447
20.1534667602032	-0.00762109201392903
20.1868334270248	-0.00710597017189634
20.2202000938463	-0.0030382011859507
20.2535667606678	-0.00289555638897838
20.2869334274894	-0.000565563108921828
20.3203000943109	-0.00228854735552724
20.3536667611324	-0.00218210989474303
20.3870334279539	-0.00114826456183553
20.4204000947755	-0.00306770063965749
20.453766761597	-0.00236842871327878
20.4871334284185	-0.00202808597215016
20.5205000952401	-0.000210054820500181
20.5538667620616	-0.00317881740582236
20.5872334288831	-0.0029474961524926
20.6206000957046	-0.00108368607968484
20.6539667625262	-0.00348142621939722
20.6873334293477	-0.00540028710688247
20.7207000961692	-0.0032117015413877
20.7540667629908	-0.00449471287037465
20.7874334298123	-0.00620626093500818
20.8208000966338	-0.00654823842613028
20.8541667634553	-0.00726587602326382
20.8875334302769	-0.00831913594310633
20.9209000970984	-0.00413718399886186
20.9542667639199	-0.00505865067904886
20.9876334307415	-0.0039087137562161
21.021000097563	-0.00281809338703698
21.0543667643845	-7.03155427789596e-05
21.087733431206	0.000581851828946039
21.1211000980276	-0.00108057703703159
21.1544667648491	0.000795851149692747
21.1878334316706	0.00204803566264017
21.2212000984922	0.00172162297036434
21.2545667653137	0.00165990571055984
21.2879334321352	0.00421348762821392
21.3213000989567	0.001552793323789
21.3546667657783	0.00151253421029402
21.3880334325998	0.0014564402501358
21.4214000994213	-0.000599687046590495
21.4547667662429	-0.00404204878090838
21.4881334330644	-0.00181743852718045
21.5215000998859	-0.00450287602480386
21.5548667667074	-0.00428137923611204
21.588233433529	-0.00092217396780135
21.6216001003505	-0.00509977936560197
21.654966767172	-0.00471718686071778
21.6883334339936	-0.00696082504817271
21.7217001008151	-0.00585611374379656
21.7550667676366	-0.00238964477304876
21.7884334344581	-0.000803022158602761
21.8218001012797	-0.00299874806104422
21.8551667681012	-0.00330682428304359
21.8885334349227	-0.00146237244504097
21.9219001017443	-0.00177477658914193
21.9552667685658	-0.00176523611841992
21.9886334353873	-0.000419997347604196
22.0220001022088	-0.00158893438620587
22.0553667690304	-0.00041495800556618
22.0887334358519	-0.00432505335623205
22.1221001026734	-0.00582202351810137
22.155466769495	-0.00436240007843564
22.1888334363165	-0.0050046524926118
22.222200103138	-0.00513497244796611
22.2555667699595	-0.00499229618851579
22.2889334367811	-0.00570841129347273
22.3223001036026	-0.00409376646551256
22.3556667704241	-0.00528502865779331
22.3890334372457	-0.00567189356641122
22.4224001040672	-0.00715938661372344
22.4557667708887	-0.00724846704958778
22.4891334377102	-0.0083852525471097
22.5225001045318	-0.00313793480103216
22.5558667713533	-0.00125355982479121
22.5892334381748	0.00112619522122226
22.6226001049964	0.000637610864052918
22.6559667718179	-0.00197763104479991
22.6893334386394	-0.00134917809323314
22.7227001054609	0.000252476906504619
22.7560667722825	-0.00201398990269537
22.789433439104	-6.85054247900887e-05
22.8228001059255	0.00176996055272313
22.8561667727471	0.0158477219354753
22.8895334395686	-0.000486988037063081
22.9229001063901	0.0162312407404722
22.9562667732116	-0.00142351679538768
22.9896334400332	-0.00130770251412579
23.0230001068547	0.000166482507661334
23.0563667736762	0.000250845505296187
23.0897334404978	-0.00174310050571605
23.1231001073193	-0.000128740198438342
23.1564667741408	-0.00199488653875652
23.1898334409623	-0.000398496348366921
23.2232001077839	-0.00270416617762333
23.2565667746054	-0.00328629423517714
23.2899334414269	-0.00266665726755171
23.3233001082484	0.000356629536907087
23.35666677507	0.000429282373297543
23.3900334418915	-0.00200391548291116
23.423400108713	-0.00488295964021913
23.4567667755346	-0.00290193549356504
23.4901334423561	-0.00565720583410054
23.5235001091776	-0.00537443033344622
23.5568667759992	-0.00442431676715556
23.5902334428207	-0.0010838811463179
23.6236001096422	-0.00231881701921717
23.6569667764637	-0.00373111390884177
23.6903334432853	-0.00249247379559786
23.7237001101068	-0.00268719343682876
23.7570667769283	-0.00268855114773426
23.7904334437499	-0.00434018176321454
23.8238001105714	-0.00161089454460351
23.8571667773929	-0.0047908376806453
23.8905334442144	-0.00574355911742624
23.923900111036	-0.00402625855425574
23.9572667778575	-0.00152272428493402
23.990633444679	-0.00909354712478294
24.0240001115006	-0.00807871968745288
24.0573667783221	-0.0095948083465496
24.0907334451436	-0.0101244640233761
24.1241001119651	-0.00997627769349356
24.1574667787867	-0.00637984962696024
24.1908334456082	-0.00552835131715448
24.2242001124297	-0.00400310323593978
24.2575667792512	-0.00347398789986132
24.2909334460728	0.00111266097943174
24.3243001128943	0.00151472916046486
24.3576667797158	-0.00202936172915793
24.3910334465374	-0.000573345436757648
24.4244001133589	0.000766848964450998
24.4577667801804	7.37771881134746e-05
24.4911334470019	-0.00144585559273129
24.5245001138235	0.00254851174706283
24.557866780645	0.00377185099451254
24.5912334474665	0.00270982354573156
24.6246001142881	0.0031348059657705
24.6579667811096	0.00258490335277872
24.6913334479311	0.00169182284627285
24.7247001147527	-0.00167006690899608
24.7580667815742	-0.000311059998545
24.7914334483957	-0.00131400955919976
24.8248001152172	-0.000244414075758437
24.8581667820388	9.1759418696171e-05
24.8915334488603	-0.00144974590584037
24.9249001156818	-0.00153718733246601
24.9582667825034	-0.00145256413599316
24.9916334493249	-0.00131127311131658
25.0250001161464	-0.000824755681871846
25.0583667829679	-0.00128591786174459
25.0917334497895	0.00123180221892344
25.125100116611	0.0050918290412821
25.1584667834325	0.00783838686930691
25.191833450254	0.00536786769715477
25.2252001170756	0.0029937357922797
25.2585667838971	0.00224091997415978
25.2919334507186	-0.000311495847886674
25.3253001175402	0.00172651525273989
25.3586667843617	-0.0011759990195901
25.3920334511832	-0.000874024018209306
25.4254001180047	-0.000324987611071517
25.4587667848263	-0.00032558249451271
25.4921334516478	-0.000533656648683232
25.5255001184693	0.000812357907379368
25.5588667852909	0.000170922700951241
25.5922334521124	-0.000152418925865003
25.6256001189339	-0.00397445426197259
25.6589667857554	-0.00468431132911398
25.692333452577	-0.000861546000153119
25.7257001193985	-0.00531221644072028
25.75906678622	-0.00729583418939591
25.7924334530416	-0.000984972235227923
25.8258001198631	-0.00159783568427955
25.8591667866846	-0.000970628622785824
25.8925334535062	0.000293001223687855
25.9259001203277	0.000134555466608367
25.9592667871492	0.00220181639305289
25.9926334539707	-3.46416510774159e-05
26.0260001207923	0.00377625043584834
26.0593667876138	0.00345570076284807
26.0927334544353	0.00472966680892386
26.1261001212568	0.00195563269990746
26.1594667880784	0.00432497383047434
26.1928334548999	0.00710329653914248
26.2262001217214	0.00145239969343411
26.259566788543	0.00155347370059045
26.2929334553645	0.00202680996477979
26.326300122186	-0.000444305180732464
26.3596667890075	9.64539574230331e-05
26.3930334558291	-0.00145582933433055
26.4264001226506	-0.00228180336156256
26.4597667894721	-0.00136696267030705
26.4931334562937	-0.00162733984487013
26.5265001231152	0.00190549530057377
26.5598667899367	-0.000629234371537134
26.5932334567582	0.000823200783757725
26.6266001235798	-0.00077431895362796
26.6599667904013	-0.00250860077339301
26.6933334572228	-0.0016562172118292
26.7267001240444	-0.00167532890407249
26.7600667908659	0.000662663162050865
26.7934334576874	-4.52665716928683e-05
26.8268001245089	-0.000400785903491791
26.8601667913305	-0.00436482664012885
26.893533458152	-0.00370287075584328
26.9269001249735	-0.0017426537533657
26.9602667917951	-0.00132112160599426
26.9936334586166	0.00096275547154336
27.0270001254381	0.000695696780875115
27.0603667922596	0.000446802599251263
27.0937334590812	0.00231868463478576
27.1271001259027	-0.000354642496171676
27.1604667927242	-0.00413950940225762
27.1938334595458	-0.00221324106164947
27.2272001263673	-0.00293472779540693
27.2605667931888	-0.00155765295376046
27.2939334600103	-0.00428578748519165
27.3273001268319	-0.00417601675084518
27.3606667936534	-0.00405481888033388
27.3940334604749	-0.00295797222934791
27.4274001272965	-0.00393230751826741
27.460766794118	-0.00152907570749532
27.4941334609395	-0.00340424712730918
27.527500127761	-0.000332998380159273
27.5608667945826	-0.00121037725027527
27.5942334614041	0.0044048855768893
27.6276001282256	0.00484436720453378
27.6609667950472	0.0051602722763275
27.6943334618687	0.00454862740520307
27.7277001286902	0.00408356927645546
27.7610667955117	0.00247252681942677
27.7944334623333	0.00643841782514969
27.8278001291548	0.00395127634210186
27.8611667959763	0.00313616989553446
27.8945334627979	0.005417995642654
27.9279001296194	0.00420123777323042
27.9612667964409	0.00404515100752591
27.9946334632624	0.00480306619963716
28.028000130084	0.00292725846750723
28.0613667969055	0.000535445872012543
28.094733463727	0.00442463705863154
28.1281001305486	0.00183130213663695
28.1614667973701	0.00315909728791152
28.1948334641916	0.000573446651619268
28.2282001310131	0.00327040072835646
28.2615667978347	0.00293595578945853
28.2949334646562	0.000510036468046881
28.3283001314777	-0.00292377879652134
28.3616667982993	0.000117860651798534
28.3950334651208	-0.00304305508105745
28.4284001319423	-0.00429015376128889
28.4617667987638	-0.00178427060709612
28.4951334655854	-0.00418337090008467
28.5285001324069	-0.0039354785670605
28.5618667992284	-0.000947069311742263
28.59523346605	-0.00891779956033894
28.6286001328715	-0.0092321809250346
28.661966799693	-0.0092823775740386
28.6953334665145	-0.00761160796746259
28.7287001333361	-0.00926920783813721
28.7620668001576	-0.0080509370978871
28.7954334669791	-0.00400066414636327
28.8288001338007	-0.00739850971737772
28.8621668006222	-0.00498581933840467
28.8955334674437	-0.00622529945065358
28.9289001342652	-0.0075110894467896
28.9622668010868	-0.00663924353350223
28.9956334679083	-0.0087467170069775
29.0290001347298	-0.00752788765976284
29.0623668015514	-0.00437358053503484
29.0957334683729	-0.00630959111190153
29.1291001351944	-0.00557475482737941
29.1624668020159	-0.00558283272843222
29.1958334688375	-0.00518159604009834
29.229200135659	-0.00689442749507442
29.2625668024805	-0.00559068459726014
29.2959334693021	-0.00609490859956124
29.3293001361236	-0.00458722062919615
29.3626668029451	-0.00596925257410989
29.3960334697666	-0.00473821396050502
29.4294001365882	-0.00862678989074193
29.4627668034097	-0.00790779907206828
29.4961334702312	-0.00452093292862731
29.5295001370528	-0.0100465683954179
29.5628668038743	-0.0113565464073013
29.5962334706958	-0.0111486844298774
29.6296001375173	-0.00900367932755354
29.6629668043389	-0.0137099512248862
29.6963334711604	-0.0130860178373349
29.7297001379819	-0.0136861054052927
29.7630668048035	-0.0106663719350685
29.796433471625	-0.00629069680285264
29.8298001384465	-0.00866109102850653
29.863166805268	-0.00652222434206815
29.8965334720896	-0.00502196571476133
29.9299001389111	-0.00485068533301374
29.9632668057326	-0.00357156207007866
29.9966334725542	-0.00285303899911458
30.0300001393757	0.000436494359541655
30.0633668061972	-0.000945616477348523
30.0967334730187	0.000201153857151285
30.1301001398403	0.00110192997588174
30.1634668066618	-0.00120494073045451
30.1968334734833	-0.000919244678554713
30.2302001403049	-0.000895062912151565
30.2635668071264	-0.0020190719336882
30.2969334739479	0.00127452957350529
30.3303001407694	9.0583928535316e-05
30.363666807591	-0.00109625069202057
30.3970334744125	0.00141680175918645
30.430400141234	-0.00342109294508435
30.4637668080556	0.00152097057292928
30.4971334748771	0.00079276131201707
30.5305001416986	-0.00446104926814873
30.5638668085201	-0.00419081286013321
30.5972334753417	-0.000517649194835888
30.6306001421632	-0.000842721175323094
30.6639668089847	-0.000656352453285008
30.6973334758063	-0.000814038168700387
30.7307001426278	-0.000558212432993859
30.7640668094493	-0.00193719458540099
30.7974334762708	-0.00206138821858641
30.8308001430924	-0.00312129572437133
30.8641668099139	-0.00256215751884081
30.8975334767354	-0.00345154904351922
30.930900143557	-0.00435441313735754
30.9642668103785	-0.00204631028647793
30.9976334772	-0.00265967492000623
31.0310001440215	-0.00607339436563738
31.0643668108431	-0.0111266901532274
31.0977334776646	-0.0133156127443001
31.1311001444861	-0.0142186809456551
31.1644668113077	-0.0123822471280438
31.1978334781292	-0.012950570455468
31.2312001449507	-0.0126759140686309
31.2645668117722	-0.0124193980022974
31.2979334785938	-0.012098152696657
31.3313001454153	-0.0151561281686752
31.3646668122368	-0.00996889338045086
31.3980334790584	-0.0128215276961032
31.4314001458799	-0.0125004520590687
31.4647668127014	-0.0126601458331324
31.4981334795229	-0.0108253394476421
31.5315001463445	-0.00761609154622024
31.564866813166	-0.00669032659123459
31.5982334799875	-0.00914760787377165
31.6316001468091	-0.0105908479984768
31.6649668136306	-0.00977191959518144
31.6983334804521	-0.0111968641092867
31.7317001472736	-0.0120750654298104
31.7650668140952	-0.0105350741534827
31.7984334809167	-0.0101193814818453
31.8318001477382	-0.00793565523056104
31.8651668145598	-0.00824790786417735
31.8985334813813	-0.0108130033476218
31.9319001482028	-0.0119414126532351
31.9652668150243	-0.0123371014009246
31.9986334818459	-0.0088648405863508
32.0320001486674	-0.0127370740581897
32.0653668154889	-0.0116482632695051
32.0987334823105	-0.010771833458489
32.132100149132	-0.0110421836592547
32.1654668159535	-0.0116909252953962
32.198833482775	-0.0121367660495131
32.2322001495966	-0.00781060844299227
32.2655668164181	-0.00555464982257802
32.2989334832396	-0.00634325880176677
32.3323001500612	-0.00114008937558075
32.3656668168827	-0.00130507308152846
32.3990334837042	-0.000889704068293684
32.4324001505257	0.00146045202387759
32.4657668173473	-0.00304605809188804
32.4991334841688	-0.00117496692814761
32.5325001509903	-0.00451446840390269
32.5658668178119	-0.000663372684622459
32.5992334846334	-0.00181876805133505
32.6326001514549	-0.00443641500804078
32.6659668182764	-0.00431429847692443
32.699333485098	-0.0049124727730229
32.7327001519195	-0.0101972658058036
32.766066818741	-0.00890288351469187
32.7994334855626	-0.00857027821802127
32.8328001523841	-0.0129287392956886
32.8661668192056	-0.00861166195506678
32.8995334860271	-0.00545208260865051
32.9329001528487	-0.00805313752159358
32.9662668196702	-0.0066372001907336
32.9996334864917	-0.00187830913011636
33.0330001533133	-0.00206100853747205
33.0663668201348	-0.00549101116539392
33.0997334869563	-0.00346634356732897
33.1331001537778	0.00416230316688916
33.1664668205994	0.00389969648996816
33.1998334874209	0.00506621207328363
33.2332001542424	0.00634323263729858
33.266566821064	0.00675516010571119
33.2999334878855	0.0121591151060267
33.333300154707	0.00319929394682717
33.3666668215285	0.00121290782813903
33.4000334883501	-0.000556382089507317
33.4334001551716	0.00492029671989803
33.4667668219931	0.0086705806279784
33.5001334888147	0.00577337905401954
33.5335001556362	-0.00175046330163282
33.5668668224577	-0.00285406805613707
33.6002334892792	-0.00612717744103501
33.6336001561008	-0.00329286633352944
33.6669668229223	-0.00644182808400938
33.7003334897438	-0.00994926772380528
33.7337001565654	-0.00995428884894725
33.7670668233869	-0.0117917955761793
33.8004334902084	-0.0133257867637126
33.8338001570299	-0.00612376449495502
33.8671668238515	-0.00786464690482428
33.900533490673	-0.00655359729160409
33.9339001574945	-0.00195800269112408
33.9672668243161	0.000490000753873613
34.0006334911376	0.00394712939966424
34.0340001579591	0.00507701808285378
34.0673668247806	0.00522564016944596
34.1007334916022	0.0104507639269385
34.1341001584237	0.00710919205475273
34.1674668252452	0.00548595314450463
34.2008334920668	0.00647383811502905
34.2342001588883	0.00565366146877723
34.2675668257098	0.0010364684571371
34.3009334925313	-0.00283278534873658
34.3343001593529	-0.00388153764811671
34.3676668261744	-0.00168892403301567
34.4010334929959	-0.00362046369595197
34.4344001598175	-0.00556023788934224
34.467766826639	-0.00889757931725986
34.5011334934605	-0.0092414650096486
34.534500160282	-0.0109939420818686
34.5678668271036	-0.0139311358494603
34.6012334939251	-0.0143366687061316
34.6346001607466	-0.0107576312626608
34.6679668275682	-0.00701910868246244
34.7013334943897	-0.00469698902419326
34.7347001612112	-0.000956066299311069
34.7680668280327	-0.001472989017424
34.8014334948543	0.000556469045510722
34.8348001616758	0.00109749006046699
34.8681668284973	0.00201787773452823
34.9015334953189	0.00533227710687401
34.9349001621404	0.00389555588205534
34.9682668289619	-0.000276330079670845
35.0016334957834	0.0029138291096766
35.035000162605	0.00108328315214137
35.0683668294265	-0.000488810834366477
35.101733496248	-0.00220245945217982
35.1351001630696	-0.00409077725356384
35.1684668298911	-0.00161002368040246
35.2018334967126	-0.00413008541884262
35.2352001635341	-0.00297451200462492
35.2685668303557	-0.00585345360018777
35.3019334971772	-0.00557732764058811
35.3353001639987	-0.00582768964533598
35.3686668308203	-0.00664896393395125
35.4020334976418	-0.00450676650383297
35.4354001644633	-0.00890429838908056
35.4687668312848	-0.00833174120810941
35.5021334981064	-0.00516803377125339
35.5355001649279	-0.00392277218133658
35.5688668317494	-0.000210562291406619
35.602233498571	0.00350163796958456
35.6356001653925	-0.000857229679490295
35.668966832214	0.00163208534035786
35.7023334990355	0.00172611246320793
35.7357001658571	0.00320620773657708
35.7690668326786	0.00120510393720984
35.8024334995001	0.00370353113527169
35.8358001663217	0.00382510673201313
35.8691668331432	0.00202419251029713
35.9025334999647	0.00527579654649989
35.9359001667862	0.000748367543219764
35.9692668336078	7.2952970895402e-05
36.0026335004293	-0.000740082259618201
36.0360001672508	-0.00266352518462533
36.0693668340724	-0.00275921410306382
36.1027335008939	-0.00117871025205826
36.1361001677154	-0.0063374161316728
36.1694668345369	-0.00439776785418214
36.2028335013585	-0.00924749983165593
36.23620016818	-0.00632756501697619
36.2695668350015	-0.00652725161300145
36.3029335018231	-0.0058655296435409
36.3363001686446	-0.00591499168175007
36.3696668354661	-0.00563494109762745
36.4030335022876	-0.00476572665168283
36.4364001691092	-0.0046282116113599
36.4697668359307	-0.00189672754130667
36.5031335027522	-0.00334094934217668
36.5365001695738	-0.0019296466904337
36.5698668363953	0.00220548391198057
36.6032335032168	0.000604553638273989
36.6366001700383	0.00290689831187469
36.6699668368599	0.00308445902339492
36.7033335036814	0.00133203587830284
36.7367001705029	0.000347323539561713
36.7700668373245	-0.00538686632244675
36.803433504146	-0.000933457942268718
36.8368001709675	-0.0013720093113395
36.870166837789	-0.00753279450549771
36.9035335046106	-0.00346581040496081
36.9369001714321	-0.00807621516004206
36.9702668382536	-0.00662564491173045
37.0036335050752	-0.00696456922677155
37.0370001718967	-0.00508146592523779
37.0703668387182	-0.00456164798895151
37.1037335055397	-0.00205008003760617
37.1371001723613	-0.00370434339377669
37.1704668391828	-0.00641117340511127
37.2038335060043	-0.00371878438317447
37.2372001728259	-0.00159872868245131
37.2705668396474	-0.00365007202014173
37.3039335064689	-0.00461947515131563
37.3373001732904	-0.00508778650174425
37.370666840112	-0.00372145401629947
37.4040335069335	-0.00384228989432599
37.437400173755	-0.00326520836127766
37.4707668405766	-0.00395291865313277
37.5041335073981	-0.00583435874692593
37.5375001742196	-0.00317863166336502
37.5708668410411	-0.00470056359859533
37.6042335078627	-0.00412020387125515
37.6376001746842	-0.00514607024096433
37.6709668415057	-0.00232468271340343
37.7043335083273	-0.00624734752938795
37.7377001751488	-0.00393576260952661
37.7710668419703	-0.00402921907953458
37.8044335087918	0.00259111818846788
37.8378001756134	0.0165140358773072
37.8711668424349	0.0471965453207906
37.9045335092564	0.124322982024907
37.937900176078	0.306051451949808
37.9712668428995	0.61960605787099
38.004633509721	1.07399116409666
38.0380001765425	2.00694205120113
38.0713668433641	2.92547239435677
38.1047335101856	3.39006951590109
38.1381001770071	4.59106548430232
38.1714668438287	NaN
38.2048335106502	6.30769726161818
38.2382001774717	6.88135136249221
38.2715668442932	7.26858794770898
38.3049335111148	7.44234487656009
38.3383001779363	7.40258350973873
38.3716668447578	7.16071473308143
38.4050335115794	6.82678776376692
38.4384001784009	6.37146373389932
38.4717668452224	5.87457154445024
38.5051335120439	5.30611348914269
38.5385001788655	4.62722315541847
38.571866845687	3.94084441159782
38.6052335125085	3.12981210669743
38.6386001793301	2.61481767270574
38.6719668461516	2.24495465659558
38.7053335129731	2.09318727764466
38.7387001797946	2.13692706292133
38.7720668466162	2.31405210145723
38.8054335134377	2.56886924659568
38.8388001802592	2.82734323051477
38.8721668470808	3.10164518055561
38.9055335139023	3.36397323704559
38.9389001807238	3.66917219075141
38.9722668475453	3.97945251076507
39.0056335143669	4.32398188055734
39.0390001811884	4.6177040834902
39.0723668480099	4.84380562147601
39.1057335148314	4.97665023066784
39.139100181653	5.00139329019619
39.1724668484745	4.93211140929054
39.205833515296	4.82059824887067
39.2392001821176	4.6819980753894
39.2725668489391	4.55839660046079
39.3059335157606	4.41072403092927
39.3393001825822	4.254454678619
39.3726668494037	4.04984211828051
39.4060335162252	3.80357673617964
39.4394001830467	3.54091647620338
39.4727668498683	3.25887146317901
39.5061335166898	3.10844666646534
39.5395001835113	3.06584599306369
39.5728668503329	3.06139568269933
39.6062335171544	3.12462176226936
39.6396001839759	3.22297213558297
39.6729668507974	3.337545858656
39.706333517619	3.47366357623194
39.7397001844405	3.60111978521501
39.773066851262	3.75828533972183
39.8064335180836	3.95129351341878
39.8398001849051	4.14364289736672
39.8731668517266	4.31788176579373
39.9065335185481	4.45674309827262
39.9399001853697	4.51964202031016
39.9732668521912	4.511860470487
40.0066335190127	4.44491225574824
40.0400001858343	4.34002598236598
40.0733668526558	4.22827895609807
40.1067335194773	4.12281521767312
40.1401001862988	4.02609611534277
40.1734668531204	3.92666496509031
40.2068335199419	3.81809332635379
40.2402001867634	3.70411515177728
40.273566853585	3.57814562054496
40.3069335204065	3.48370273873377
40.340300187228	3.43122428447692
40.3736668540495	3.4221129562083
40.4070335208711	3.45895509126476
40.4404001876926	3.51675757593229
40.4737668545141	3.56907402121334
40.5071335213357	3.62423675075585
40.5405001881572	3.68753237586682
40.5738668549787	3.75436999114303
40.6072335218002	3.3943374593593
40.6406001886218	3.94522336370658
40.6739668554433	4.054224803055
40.7073335222648	3.76961109599604
40.7407001890864	4.21621793059065
40.7740668559079	4.22524972890576
40.8074335227294	3.88422671348045
40.8408001895509	4.12790022168268
40.8741668563725	4.03351607673015
40.907533523194	3.94237642257278
40.9409001900155	3.87187026901307
40.974266856837	3.81943471875237
41.0076335236586	3.75924456504054
41.0410001904801	3.69731693023619
41.0743668573016	3.60878553674592
41.1077335241232	3.53376529407479
41.1411001909447	3.46868074537954
41.1744668577662	3.45931810824687
41.2078335245877	3.49917373025491
41.2412001914093	3.57332028819527
41.2745668582308	3.67910984892118
41.3079335250523	3.79320020421577
41.3413001918739	3.88831607758782
41.3746668586954	3.96913176299794
41.4080335255169	4.03412725747495
41.4414001923384	4.09650294563191
41.47476685916	4.13304540423487
41.5081335259815	4.15512392198767
41.541500192803	4.15414109312551
41.5748668596246	4.10888197875456
41.6082335264461	4.01580582847448
41.6416001932676	3.91097235861629
41.6749668600891	3.76818243872638
41.7083335269107	3.65613704349117
41.7417001937322	3.56797170796378
41.7750668605537	3.53811817435135
41.8084335273753	3.54643076498234
41.8418001941968	3.56197381825083
41.8751668610183	3.58598002864091
41.9085335278399	3.64191440505714
41.9419001946614	3.70119957987013
41.9752668614829	3.77227800198494
42.0086335283044	3.86534709931943
42.042000195126	3.96822316119718
42.0753668619475	4.06332320956793
42.108733528769	4.11258341067285
42.1421001955906	4.12205339589667
42.1754668624121	4.08907140986033
42.2088335292336	3.99934718706221
42.2422001960551	3.88207188830989
42.2755668628767	3.76679149559387
42.3089335296982	3.690836106885
42.3423001965197	3.63332775512796
42.3756668633413	3.61450269581677
42.4090335301628	3.62106019153811
42.4424001969843	3.64229882438231
42.4757668638058	3.68262877629313
42.5091335306274	3.73377573759156
42.5425001974489	3.79571112216152
42.5758668642704	3.86442649899286
42.609233531092	3.93661330604288
42.6426001979135	3.98955020552417
42.675966864735	4.01866307287456
42.7093335315565	4.01055208110698
42.7427001983781	3.98499154830587
42.7760668651996	3.92885953454655
42.8094335320211	3.85857706151268
42.8428001988426	3.80376168860917
42.8761668656642	3.77897123762031
42.9095335324857	3.77918454004256
42.9429001993072	3.80594296822012
42.9762668661288	3.83629223461767
43.0096335329503	3.86761186950846
43.0430001997718	3.89375455611255
43.0763668665933	3.91381765191643
43.1097335334149	3.92966965748894
43.1431002002364	3.95495307010526
43.1764668670579	3.95499909361189
43.2098335338795	3.95289066445198
43.243200200701	3.92672099539313
43.2765668675225	3.87541551798763
43.309933534344	3.82015764601847
43.3433002011656	3.74654954457598
43.3766668679871	3.69653804478501
43.4100335348086	3.68592635767723
43.4434002016302	3.69089201008277
43.4767668684517	3.72407072904684
43.5101335352732	3.78223596705041
43.5435002020947	3.82696193770634
43.5768668689163	3.85911235065869
43.6102335357378	3.8885177317881
43.6436002025593	3.90315979246305
43.6769668693809	3.91226492844184
43.7103335362024	3.92463794301804
43.7437002030239	3.92239890625317
43.7770668698454	3.91972405403436
43.810433536667	3.91195971273779
43.8438002034885	3.90054758494413
43.87716687031	3.8826013781228
43.9105335371316	3.8754802596444
43.9439002039531	3.85284364478964
43.9772668707746	3.83616013505698
44.0106335375961	3.8250816528182
44.0440002044177	3.77895340343695
44.0773668712392	3.74637436267157
44.1107335380607	3.70457528885007
44.1441002048823	3.66977966475028
44.1774668717038	3.64415627794175
44.2108335385253	3.62701580567237
44.2442002053468	3.62477298341365
44.2775668721684	3.65041020000551
44.3109335389899	3.70200415315672
44.3443002058114	3.74443107021062
44.377666872633	3.77701468823426
44.4110335394545	3.80495996737561
44.444400206276	3.80390678830503
44.4777668730976	3.81134167886656
44.5111335399191	3.82601563358727
44.5445002067406	3.84652188808016
44.5778668735621	3.88868550936949
44.6112335403837	3.63202959443892
44.6446002072052	3.91939910441462
44.6779668740267	3.97863878578775
44.7113335408482	3.91955043010568
44.7447002076698	3.98894613483736
44.7780668744913	4.00066637616716
44.8114335413128	4.01669425898796
44.8448002081344	4.02405346499842
44.8781668749559	4.01905058964931
44.9115335417774	3.99204553598243
44.9449002085989	3.94238773288212
44.9782668754205	3.87116313292312
45.011633542242	3.78057694381152
45.0450002090635	3.69137948229504
45.0783668758851	3.59444506553416
45.1117335427066	3.52606045249779
45.1451002095281	3.4752687644541
45.1784668763496	3.45757867884867
45.2118335431712	3.49534047485652
45.2452002099927	3.55779321064536
45.2785668768142	3.64537882748446
45.3119335436358	3.74800704609159
45.3453002104573	3.84994785529259
45.3786668772788	3.94203398668667
45.4120335441003	4.02363287768483
45.4454002109219	4.07211916590249
45.4787668777434	4.09077296639355
45.5121335445649	4.08959599613169
45.5455002113865	4.05165026314684
45.578866878208	4.01336530764082
45.6122335450295	3.9800726929894
45.645600211851	3.9560038637774
45.6789668786726	3.94956636483208
45.7123335454941	3.94767860533994
45.7457002123156	3.92678653354954
45.7790668791372	3.90969878454611
45.8124335459587	3.8689573984719
45.8458002127802	3.82473915087638
45.8791668796017	3.76023614607677
45.9125335464233	3.70247838548756
45.9459002132448	3.65001908668756
45.9792668800663	3.59274026388329
46.0126335468879	3.56812173390026
46.0460002137094	3.55648644795911
46.0793668805309	3.55839614259374
46.1127335473524	3.57474054554143
46.146100214174	3.61306927013274
46.1794668809955	3.6622435906791
46.212833547817	3.72781431035251
46.2462002146386	3.79781146915938
46.2795668814601	3.88359720004632
46.3129335482816	3.95964954182532
46.3463002151031	3.98544413503364
46.3796668819247	4.01908406361533
46.4130335487462	4.02796653574885
46.4464002155677	4.0235466914512
46.4797668823893	4.02857543278
46.5131335492108	4.02566638938013
46.5465002160323	4.0356410877603
46.5798668828538	4.03601145607948
46.6132335496754	4.0183962467609
46.6466002164969	3.98982841751974
46.6799668833184	3.95036451358289
46.71333355014	3.88271466096591
46.7467002169615	3.8319798678551
46.780066883783	3.77188089394988
46.8134335506045	3.71892449647401
46.8468002174261	3.68803035644125
46.8801668842476	3.66905773382174
46.9135335510691	3.64609025149299
46.9469002178907	3.63840483698113
46.9802668847122	3.62724670730523
47.0136335515337	3.62848275048422
47.0470002183552	3.64394231576664
47.0803668851768	3.66988617614911
47.1137335519983	3.69845444783541
47.1471002188198	3.73644390684418
47.1804668856414	3.78583580797674
47.2138335524629	3.83970244731003
47.2472002192844	3.89420270333307
47.2805668861059	3.95134007308843
47.3139335529275	3.97953377571114
47.347300219749	4.01469082650984
47.3806668865705	4.03595802658233
47.4140335533921	4.04086143769037
47.4474002202136	4.03126345895991
47.4807668870351	4.00653812578378
47.5141335538566	3.95567148895865
47.5475002206782	3.90722847856853
47.5808668874997	3.85537837258523
47.6142335543212	3.82685841893964
47.6476002211428	3.79251060538576
47.6809668879643	3.74450017199982
47.7143335547858	3.69065129451414
47.7477002216073	3.62338011540346
47.7810668884289	3.50072996715691
47.8144335552504	3.26085671849153
47.8478002220719	2.86110884651603
47.8811668888935	2.30736444859834
47.914533555715	1.45957661199161
47.9479002225365	0.906640388239368
47.981266889358	NaN
48.0146335561796	NaN
48.0480002230011	NaN
48.0813668898226	NaN
48.1147335566442	-3.49550805865748
48.1481002234657	-4.26988027531791
48.1814668902872	-4.593732201755
48.2148335571087	-4.70691338559125
48.2482002239303	-4.59066515780002
48.2815668907518	-4.2768112800274
48.3149335575733	-3.68170944148804
48.3483002243949	NaN
48.3816668912164	NaN
48.4150335580379	NaN
48.4484002248594	NaN
48.481766891681	NaN
48.5151335585025	2.996474736007
48.548500225324	3.62705678770386
48.5818668921456	4.25067541694733
48.6152335589671	4.53145554189208
48.6486002257886	4.57453146297201
48.6819668926101	4.35737522252891
48.7153335594317	3.82583415791843
48.7487002262532	3.14240389119278
48.7820668930747	1.62790001039225
48.8154335598963	NaN
48.8488002267178	NaN
48.8821668935393	NaN
48.9155335603608	-2.35958180839915
48.9489002271824	NaN
48.9822668940039	-4.07909209776023
49.0156335608254	-4.32345548110293
49.049000227647	-4.40468312460541
49.0823668944685	-4.21153619631118
49.11573356129	-3.83136611785554
49.1491002281115	NaN
49.1824668949331	NaN
49.2158335617546	NaN
49.2492002285761	NaN
49.2825668953977	NaN
49.3159335622192	1.68044804581573
49.3493002290407	2.21169183983433
49.3826668958622	2.68779338471007
49.4160335626838	2.96290221704358
49.4494002295053	3.07871158053053
49.4827668963268	3.02087709122547
49.5161335631484	2.79452997408554
49.5495002299699	2.42063207045481
49.5828668967914	1.84319856197363
49.6162335636129	1.29980573335873
49.6496002304345	0.748559243047282
49.682966897256	0.0323319456539454
49.7163335640775	-0.898440097055092
49.7497002308991	-1.38901743953707
49.7830668977206	-1.98823790555075
49.8164335645421	-2.40878651524689
49.8498002313636	-2.68347874907114
49.8831668981852	-2.78403485986017
49.9165335650067	-2.71507965512245
49.9499002318282	-2.48458913883673
49.9832668986498	-2.14632008524619
50.0166335654713	-1.5861545562743
50.0500002322928	-1.14591118321474
50.0833668991143	-0.381375392598458
50.1167335659359	0.256416942095337
50.1501002327574	0.84184554282495
50.1834668995789	1.33183232668368
50.2168335664005	1.75090121232399
50.250200233222	2.02811378382927
50.2835669000435	2.19827035100747
50.316933566865	2.22364273511061
50.3503002336866	2.12037406187068
50.3836669005081	1.89039817656662
50.4170335673296	1.53602881452735
50.4504002341512	1.09707433700816
50.4837669009727	0.544315494741318
50.5171335677942	-0.0229865512699613
50.5505002346157	-0.552889060356734
50.5838669014373	-1.10778182209734
50.6172335682588	-1.495006628501
50.6506002350803	-1.80224125023982
50.6839669019019	-2.03339133685841
50.7173335687234	-2.12342049486129
50.7507002355449	-2.06607469704583
50.7840669023664	-1.89575803880904
50.817433569188	-1.57495230856393
50.8508002360095	-1.20895393755826
50.884166902831	-0.747844570531162
50.9175335696526	-0.263234889577367
50.9509002364741	0.20503447695668
50.9842669032956	0.65800342152139
51.0176335701171	1.02272151445277
51.0510002369387	1.32112297268394
51.0843669037602	1.52155507465936
51.1177335705817	1.62158283925378
51.1511002374033	1.6422354606673
51.1844669042248	1.55864300749874
51.2178335710463	1.35690083678395
51.2512002378678	1.07459838947164
51.2845669046894	0.755190872846653
51.3179335715109	0.390538902016974
51.3513002383324	-0.0292826616112774
51.384666905154	-0.403135275555872
51.4180335719755	-0.754726443005264
51.451400238797	-1.0782458726212
51.4847669056185	-1.31330889513488
51.5181335724401	-1.46511410562535
51.5515002392616	-1.52602587894022
51.5848669060831	-1.50606352429364
51.6182335729047	-1.39050697479728
51.6516002397262	-1.17801746435767
51.6849669065477	-0.888955038830102
51.7183335733692	-0.571770593462545
51.7517002401908	-0.211258754853174
51.7850669070123	0.133313556364966
51.8184335738338	0.463688394280517
51.8518002406554	0.727198320099755
51.8851669074769	0.966720246453642
51.9185335742984	1.11455793053639
51.9519002411199	1.21264730545045
51.9852669079415	1.23476912541675
52.018633574763	1.16807902883609
52.0520002415845	1.02869347562479
52.0853669084061	0.825950202456984
52.1187335752276	0.572571748668058
52.1521002420491	0.270522262318019
52.1854669088706	-0.0187869844648028
52.2188335756922	-0.314444308255332
52.2522002425137	-0.592586385704687
52.2855669093352	-0.817772021904724
52.3189335761568	-0.992120631769883
52.3523002429783	-1.11648036547402
52.3856669097998	-1.16423156378431
52.4190335766213	-1.14163241352214
52.4524002434429	-1.0433479524458
52.4857669102644	-0.888127851391431
52.5191335770859	-0.675315951274325
52.5525002439075	-0.436607065706392
52.585866910729	-0.163734092994755
52.6192335775505	0.084601744936925
52.652600244372	0.322010054935646
52.6859669111936	0.540992163128807
52.7193335780151	0.69927170900093
52.7527002448366	0.814574714404974
52.7860669116582	0.878337325451897
52.8194335784797	0.88532534666591
52.8528002453012	0.853252266627878
52.8861669121227	0.73678715116713
52.9195335789443	0.580407418859312
52.9529002457658	0.400701579862954
52.9862669125873	0.18602877726508
53.0196335794089	-0.033588759665948
53.0530002462304	-0.245056913766062
53.0863669130519	-0.452088039878508
53.1197335798734	-0.616367690950825
53.153100246695	-0.748045349731268
53.1864669135165	-0.833617621493094
53.219833580338	-0.875189682204662
53.2532002471596	-0.856657593676674
53.2865669139811	-0.785214467274311
53.3199335808026	-0.670113723197622
53.3533002476241	-0.518774021879767
53.3866669144457	-0.334929503711696
53.4200335812672	-0.13700719987302
53.4534002480887	0.0549607037969149
53.4867669149103	0.222827407460795
53.5201335817318	0.391620545119018
53.5535002485533	0.509606294088273
53.5868669153748	0.599834804787643
53.6202335821964	0.657449682960769
53.6536002490179	0.670321222728593
53.6869669158394	0.634838283070036
53.720333582661	0.558168756174204
53.7537002494825	0.44836898694385
53.787066916304	0.296838186035287
53.8204335831255	0.135913968537029
53.8538002499471	-0.0354463052717117
53.8871669167686	-0.192395063927881
53.9205335835901	-0.348459692827056
53.9539002504117	-0.459448489512248
53.9872669172332	-0.555763774350652
54.0206335840547	-0.624216364926498
54.0540002508762	-0.655989860441571
54.0873669176978	-0.645443579381241
54.1207335845193	-0.595215146816933
54.1541002513408	-0.508432687836803
54.1874669181624	-0.392939810834452
54.2208335849839	-0.257003819107452
54.2542002518054	-0.111443833450738
54.2875669186269	0.0269617602541019
54.3209335854485	0.160965831150286
54.35430025227	0.279823175362355
54.3876669190915	0.371484508041598
54.4210335859131	0.439334954719943
54.4544002527346	0.472285218436977
54.4877669195561	0.475498084756586
54.5211335863776	0.458263669287882
54.5545002531992	0.404054515346184
54.5878669200207	0.315193522209017
54.6212335868422	0.203211690549589
54.6546002536638	0.0836127479847106
54.6879669204853	-0.0476893047899432
54.7213335873068	-0.16141483548437
54.7547002541283	-0.266906919428015
54.7880669209499	-0.365140418446658
54.8214335877714	-0.430881467529862
54.8548002545929	-0.485966193378155
54.8881669214145	-0.505363124786827
54.921533588236	-0.499372780885707
54.9549002550575	-0.462266693245635
54.988266921879	-0.395131434356212
55.0216335887006	-0.307435495158988
55.0550002555221	-0.205029196311049
55.0883669223436	-0.0953621486910348
55.1217335891652	0.00678155106639104
55.1551002559867	0.10377550211237
55.1884669228082	0.192005816751309
55.2218335896297	0.266171868602149
55.2552002564513	0.316431988812897
55.2885669232728	0.341551925750828
55.3219335900943	0.342356576770574
55.3553002569159	0.331669565489175
55.3886669237374	0.29251895249644
55.4220335905589	0.222928071193671
55.4554002573804	0.158860503633804
55.488766924202	0.0575934428566446
55.5221335910235	-0.0300834313164991
55.555500257845	-0.122649792538123
55.5888669246666	-0.195642760791243
55.6222335914881	-0.270779546653698
55.6556002583096	-0.324290782443455
55.6889669251311	-0.353480373777007
55.7223335919527	-0.372004097214769
55.7557002587742	-0.369677503657586
55.7890669255957	-0.348511355727905
55.8224335924173	-0.299045934278124
55.8558002592388	-0.232098630039247
55.8891669260603	-0.156004772657956
55.9225335928818	-0.0772810403115928
55.9559002597034	0.00568210933483896
55.9892669265249	0.0776240318106239
56.0226335933464	0.138671995293064
56.0560002601679	0.193503151597583
56.0893669269895	0.219338740340403
56.122733593811	0.250947096875628
56.1561002606325	0.257206227345318
56.1894669274541	0.244279125770429
56.2228335942756	0.205496610458752
56.2562002610971	0.159930983407021
56.2895669279186	0.104972619568102
56.3229335947402	0.0377254706528595
56.3563002615617	-0.0342000501042643
56.3896669283832	-0.100271091247938
56.4230335952048	-0.15951687653003
56.4564002620263	-0.213537369629676
56.4897669288478	-0.25314832511118
56.5231335956693	-0.275890705295536
56.5565002624909	-0.289925554655001
56.5898669293124	-0.293123710210485
56.6232335961339	-0.269272848520811
56.6566002629555	-0.235836189426233
56.689966929777	-0.188154420153484
56.7233335965985	-0.12847611711286
56.7567002634201	-0.0764789162982325
56.7900669302416	-0.0107386088082769
56.8234335970631	0.0399367874288416
56.8568002638846	0.0782458922397844
56.8901669307062	0.120281943140142
56.9235335975277	0.154786150300233
56.9569002643492	0.170636127602375
56.9902669311708	0.176112185942406
57.0236335979923	0.16236146279585
57.0570002648138	0.145423047264358
57.0903669316353	0.109041606973209
57.1237335984569	0.0591687502140507
57.1571002652784	0.0121505949844451
57.1904669320999	-0.038790907786878
57.2238335989215	-0.0928507942947669
57.257200265743	-0.129734932205743
57.2905669325645	-0.170009473956696
57.323933599386	-0.204382438080669
57.3573002662076	-0.219445214412171
57.3906669330291	-0.227858381991474
57.4240335998506	-0.223533210928438
57.4574002666722	-0.210922006679011
57.4907669334937	-0.182629694363522
57.5241336003152	-0.149662333909859
57.5575002671367	-0.108669294742925
57.5908669339583	-0.061858875186672
57.6242336007798	-0.0147193778681775
57.6576002676013	0.0247405787167844
57.6909669344229	0.0553671857041108
57.7243336012444	0.0896760080852799
57.7577002680659	0.109369192448582
57.7910669348874	0.122272959057369
57.824433601709	0.118872371166509
57.8578002685305	0.119291741258922
57.891166935352	0.103051322690756
57.9245336021735	0.0776444114590292
57.9579002689951	0.0456700354442003
57.9912669358166	0.00812452165474946
58.0246336026381	-0.0295405157920853
58.0580002694597	-0.073705983816629
58.0913669362812	-0.102953999999421
58.1247336031027	-0.129612695215435
58.1581002699242	-0.152798347019108
58.1914669367458	-0.168011013764801
58.2248336035673	-0.177174358971327
58.2582002703888	-0.176741798879515
58.2915669372104	-0.166663574631483
58.3249336040319	-0.231282690118113
58.3583002708534	-0.119705220324843
58.3916669376749	-0.0903140087637423
58.4250336044965	-0.0586458002892117
58.458400271318	-0.0258338840498511
58.4917669381395	0.0126929995651332
58.5251336049611	0.0309829094723101
58.5585002717826	0.0520208547406359
58.5918669386041	0.0613763016062853
58.6252336054256	0.0786227465498592
58.6586002722472	0.081302437733184
58.6919669390687	0.0802323687902519
58.7253336058902	0.0686085854507714
58.7587002727118	0.0479051939432555
58.7920669395333	0.0203529624206794
58.8254336063548	-0.00376521692428455
58.8588002731763	-0.0394574234213859
58.8921669399979	-0.0724248027260766
58.9255336068194	-0.0917252643491949
58.9589002736409	-0.115280664360935
58.9922669404625	-0.126849693706628
59.025633607284	-0.144049325999318
59.0590002741055	-0.146043271989319
59.0923669409271	-0.14529759445815
59.1257336077486	-0.138283078384798
59.1591002745701	-0.118900422641841
59.1924669413916	-0.104586260848684
59.2258336082132	-0.0834940251240555
59.2592002750347	-0.0583842367092248
59.2925669418562	-0.0289397040310599
59.3259336086778	-0.00388950092452896
59.3593002754993	0.017199466825153
59.3926669423208	0.02866610688915
59.4260336091423	0.0451263891182064
59.4594002759639	0.0508577558099337
59.4927669427854	0.0521794128011962
59.5261336096069	0.0496870620967794
59.5595002764285	0.0374357252696579
59.59286694325	0.0240651799063899
59.6262336100715	0.00302116798140128
59.659600276893	-0.0177954518098186
59.6929669437146	-0.0382993253627621
59.7263336105361	-0.0493895983155948
59.7597002773576	-0.0706666574529655
59.7930669441791	-0.0834596783764264
59.8264336110007	-0.101763941145008
59.8598002778222	-0.110618833287023
59.8931669446437	-0.114894464836111
59.9265336114653	-0.112441258815071
59.9599002782868	-0.107146460939126
59.9932669451083	-0.0969806717880359
60.0266336119298	-0.0827937331842831
60.0600002787514	-0.0750355555080087
60.0933669455729	-0.0548249560467572
60.1267336123944	-0.0284816095552727
60.160100279216	-0.0124462780643577
60.1934669460375	0.00529275671013007
60.226833612859	0.0151635687713095
60.2602002796805	0.0268797114176458
60.2935669465021	0.0275004601184587
60.3269336133236	0.0303946854968275
60.3603002801451	0.0312964642579495
60.3936669469667	0.0227810682498947
60.4270336137882	0.0149148799083977
60.4604002806097	-0.00304742557706857
60.4937669474312	-0.0164437629814943
60.5271336142528	-0.0418791132871077
60.5605002810743	-0.0545341283385365
60.5938669478958	-0.068706507861448
60.6272336147174	-0.0792186601596519
60.6606002815389	-0.0861580493740482
60.6939669483604	-0.0936203484910853
60.7273336151819	-0.101190517737532
60.7607002820035	-0.0964691966412853
60.794066948825	-0.0942193256973982
60.8274336156465	-0.0852732140888084
60.8608002824681	-0.0781781009519217
60.8941669492896	-0.0653087987613323
60.9275336161111	-0.0456074530526383
60.9609002829326	-0.0351128769441549
60.9942669497542	-0.0199134456944791
61.0276336165757	-0.00826487924573467
61.0610002833972	-0.000131582080713115
61.0943669502188	0.0115817841087217
61.1277336170403	0.0180058616410571
61.1611002838618	0.0169699485585549
61.1944669506833	0.0108563553933111
61.2278336175049	0.00306893559990141
61.2612002843264	-0.00385355322260644
61.2945669511479	-0.0138168137405417
61.3279336179695	-0.0294374210411832
61.361300284791	-0.041944018293246
61.3946669516125	-0.0505207785687035
61.428033618434	-0.0638481146161505
61.4614002852556	-0.0737796322235641
61.4947669520771	-0.0779379995957531
61.5281336188986	-0.0831181736591941
61.5615002857202	-0.0822777054652769
61.5948669525417	-0.0820119349778675
61.6282336193632	-0.0819785374169374
61.6616002861848	-0.0766323689266984
61.6949669530063	-0.0659081034965148
61.7283336198278	-0.0522603225458318
61.7617002866493	-0.0442548417981589
61.7950669534709	-0.0347302540076861
61.8284336202924	-0.0262072426609398
61.8618002871139	-0.0143554147413531
61.8951669539354	-0.00470310773881918
61.928533620757	0.00205024472938167
61.9619002875785	0.00468178113509782
61.9952669544	0.00303684492456624
62.0286336212216	0.00462926055543995
62.0620002880431	-0.00280844957686349
62.0953669548646	-0.00234059715917371
62.1287336216861	-0.0144407526116552
62.1621002885077	-0.0270389551491724
62.1954669553292	-0.0343451334584912
62.2288336221507	-0.0465688355243295
62.2622002889723	-0.0541873922315491
62.2955669557938	-0.0596042936961209
62.3289336226153	-0.0684044899111747
62.3623002894368	-0.0714207665635585
62.3956669562584	-0.0740796652319508
62.4290336230799	-0.0756867519333451
62.4624002899014	-0.0665122695447237
62.495766956723	-0.0663969039562941
62.5291336235445	-0.0561116586096592
62.562500290366	-0.0467782460269367
62.5958669571875	-0.0431810535047632
62.6292336240091	-0.0347483425026129
62.6626002908306	-0.0259442941237105
62.6959669576521	-0.0155847355423671
62.7293336244737	-0.0112494631208333
62.7627002912952	-0.00940517567800093
62.7960669581167	-0.00504870427066683
62.8294336249382	-0.00607391430688773
62.8628002917598	-0.00783927508501031
62.8961669585813	-0.014974625082153
62.9295336254028	-0.0131908114018661
62.9629002922244	-0.021056615788447
62.9962669590459	-0.0348449473646365
63.0296336258674	-0.0403885281163069
63.0630002926889	-0.0469087793360672
63.0963669595105	-0.0557741491374718
63.129733626332	-0.0559023257258051
63.1631002931535	-0.0681382381438689
63.1964669599751	-0.0685904276082156
63.2298336267966	-0.0724407002941041
63.2632002936181	-0.0668776887484557
63.2965669604396	-0.0680518703975087
63.3299336272612	-0.0637970167554924
63.3633002940827	-0.0531988176158701
63.3966669609042	-0.0510231343255752
63.4300336277258	-0.0454301735906582
63.4634002945473	-0.0349881822603566
63.4967669613688	-0.0331141396838323
63.5301336281903	-0.0254322180995357
63.5635002950119	-0.020782906578425
63.5968669618334	-0.0214460455241909
63.6302336286549	-0.0192726038923618
63.6636002954765	-0.0178412123985828
63.696966962298	-0.017292267841808
63.7303336291195	-0.0212645883664777
63.763700295941	-0.0249369400911729
63.7970669627626	-0.0281149368664975
63.8304336295841	-0.0293499815537578
63.8638002964056	-0.0324893002435554
63.8971669632272	-0.0406388138752687
63.9305336300487	-0.0491175490188901
63.9639002968702	-0.0511125357455864
63.9972669636917	-0.0547548781519081
64.0306336305133	-0.0542398863617988
64.0640002973348	-0.0547880552815363
64.0973669641563	-0.0548066051646846
64.1307336309779	-0.053382404451646
64.1641002977994	-0.0547385956475701
64.1974669646209	-0.0511185807819156
64.2308336314425	-0.0424333605322351
64.264200298264	-0.0429287398563744
64.2975669650855	-0.0382508268323279
64.330933631907	-0.0342205364219853
64.3643002987286	-0.0319693869280397
64.3976669655501	-0.0286655848745872
64.4310336323716	-0.0198276058855819
64.4644002991931	-0.0190278395289771
64.4977669660147	-0.0217450748517454
64.5311336328362	-0.021208586678642
64.5645002996577	-0.0260274256682025
64.5978669664793	-0.027616677736389
64.6312336333008	-0.0305006745782728
64.6646003001223	-0.0380205698526542
64.6979669669438	-0.0357313873248136
64.7313336337654	-0.039295162607293
64.7647003005869	-0.0464251931171175
64.7980669674084	-0.0475019371797099
64.83143363423	-0.0501165445626296
64.8648003010515	-0.0533670251490472
64.898166967873	-0.0531663303640193
64.9315336346945	-0.0535108839442879
64.9649003015161	-0.054894096923212
64.9982669683376	-0.0512210034772735
65.0316336351591	-0.0477072453652591
65.0650003019807	-0.0460838255321601
65.0983669688022	-0.0408109427917308
65.1317336356237	-0.0377985705212898
65.1651003024452	-0.0342507804356114
65.1984669692668	-0.0308929859011672
65.2318336360883	-0.0297464083479986
65.2652003029098	-0.0280436013543924
65.2985669697314	-0.0269068508782327
65.3319336365529	-0.0262951211288424
65.3653003033744	-0.0313263582908511
65.3986669701959	-0.0288014285888533
65.4320336370175	-0.029379286219125
65.465400303839	-0.0354538582125957
65.4987669706605	-0.0369131651280073
65.5321336374821	-0.0418903689516367
65.5655003043036	-0.0402429290952483
65.5988669711251	-0.0414083924090225
65.6322336379466	-0.0460098633607101
65.6656003047682	-0.0465348024217735
65.6989669715897	-0.0469860149562313
65.7323336384112	-0.0519858728951701
65.7657003052328	-0.0508413283157256
65.7990669720543	-0.0489751152412876
65.8324336388758	-0.0475258591064482
65.8658003056973	-0.0479310584592623
65.8991669725189	-0.0444771462399904
65.9325336393404	-0.0417789656158625
65.9659003061619	-0.0372186559953876
65.9992669729835	-0.0341111363894314
66.032633639805	-0.0349268396743732
66.0660003066265	-0.033457780351055
66.099366973448	-0.0308273610144468
66.1327336402696	-0.0324124883058961
66.1661003070911	-0.0308223626300842
66.1994669739126	-0.0321104101940002
66.2328336407342	-0.0304154151215778
66.2662003075557	-0.0316978072270208
66.2995669743772	-0.0327609082876096
66.3329336411987	-0.0351171742991951
66.3663003080203	-0.0383046450343474
66.3996669748418	-0.0388429335362795
66.4330336416633	-0.0455308590759804
66.4664003084849	-0.0465136027950319
66.4997669753064	-0.0442673350843332
66.5331336421279	-0.0456077815922828
66.5665003089494	-0.046824426964581
66.599866975771	-0.0503232478310282
66.6332336425925	-0.0470201628675195
66.666600309414	-0.0440024560771951
66.6999669762356	-0.0405856199928764
66.7333336430571	-0.0395241955562733
66.7667003098786	-0.0395094031717404
66.8000669767001	-0.0395000627047977
66.8334336435217	-0.0321976888313291
66.8668003103432	-0.0321915221438672
66.9001669771647	-0.0313265219541072
66.9335336439863	-0.0328501805706728
66.9669003108078	-0.028720292782718
67.0002669776293	-0.0280724198730201
67.0336336444508	-0.0327677662527685
67.0670003112724	-0.0349876684337677
67.1003669780939	-0.0358704986332921
67.1337336449154	-0.0400154127916096
67.167100311737	-0.0395742350990876
67.2004669785585	-0.0433853940323894
67.23383364538	-0.0458594518658425
67.2672003122015	-0.0456115643819812
67.3005669790231	-0.0465911866496029
67.3339336458446	-0.0457673782726071
67.3673003126661	-0.0440479316693699
67.4006669794877	-0.0475341512137147
67.4340336463092	-0.0464459911178237
67.4674003131307	-0.0470088812520881
67.5007669799522	-0.0472918437741153
67.5341336467738	-0.0456934428413762
67.5675003135953	-0.0451804123233902
67.6008669804168	-0.042786338460286
67.6342336472384	-0.0396940602156172
67.6676003140599	-0.0380829199681363
67.7009669808814	-0.0389219759502224
67.7343336477029	-0.0373289618793574
67.7677003145245	-0.0377314663377696
67.801066981346	-0.0350361152426244
67.8344336481675	-0.0376959957675
67.8678003149891	-0.0357976113310737
67.9011669818106	-0.0359868583814163
67.9345336486321	-0.04261543358021
67.9679003154536	-0.0431989411534071
68.0012669822752	-0.0401707657344378
68.0346336490967	-0.0416549925337722
68.0680003159182	-0.0433782149887919
68.1013669827398	-0.0425622103296141
68.1347336495613	-0.0422262940305371
68.1681003163828	-0.0401576767346096
68.2014669832043	-0.0408256166863816
68.2348336500259	-0.0418981770640641
68.2682003168474	-0.0422701917254625
68.3015669836689	-0.041361775020302
68.3349336504905	-0.0414412256673204
68.368300317312	-0.0375037623354691
68.4016669841335	-0.0395207362833873
68.435033650955	-0.0377642908252428
68.4684003177766	-0.0358231876258232
68.5017669845981	-0.0387974691901095
68.5351336514196	-0.0374456092412303
68.5685003182411	-0.0370219152707692
68.6018669850627	-0.0387317793256886
68.6352336518842	-0.0354615992418491
68.6686003187057	-0.0382563777787491
68.7019669855273	-0.0383977995440179
68.7353336523488	-0.0381768446625655
68.7687003191703	-0.0391898951765207
68.8020669859919	-0.0387894920287374
68.8354336528134	-0.0365959670994652
68.8688003196349	-0.0426442686712419
68.9021669864564	-0.0435701364344221
68.935533653278	-0.0431791011931448
68.9689003200995	-0.0488333524430606
69.002266986921	-0.0477729993513498
69.0356336537426	-0.0469637342209369
69.0690003205641	-0.0424855889895971
69.1023669873856	-0.0389607562751922
69.1357336542071	-0.0384643580676978
69.1691003210287	-0.0356043724985373
69.2024669878502	-0.0366132217707729
69.2358336546717	-0.0376460143756272
69.2692003214933	-0.0351086422794301
69.3025669883148	-0.0355466287171886
69.3359336551363	-0.0363290830369459
69.3693003219578	-0.0360213814640744
69.4026669887794	-0.0350379858838653
69.4360336556009	-0.0356518762323157
69.4694003224224	-0.0353768866171716
69.502766989244	-0.0353548861335818
69.5361336560655	-0.0348634245153308
69.569500322887	-0.0364278590792883
69.6028669897085	-0.0383635702877386
69.6362336565301	-0.0354070915282356
69.6696003233516	-0.0402420847804189
69.7029669901731	-0.041994307920953
69.7363336569947	-0.0435983377095061
69.7697003238162	-0.0409504922378263
69.8030669906377	-0.0410389202938936
69.8364336574592	-0.0428260805218892
69.8698003242808	-0.0390819530980216
69.9031669911023	-0.0415949541076618
69.9365336579238	-0.0418972348566879
69.9699003247454	-0.0400415039010229
70.0032669915669	-0.0430079857252094
70.0366336583884	-0.0433885582527922
70.0700003252099	-0.0407318286150659
70.1033669920315	-0.0425111720185223
70.136733658853	-0.0375319340060412
70.1701003256745	-0.0380554270143011
70.2034669924961	-0.0411012518946542
70.2368336593176	-0.0404290959875812
70.2702003261391	-0.0400242636362323
70.3035669929606	-0.0389351299805408
70.3369336597822	-0.035054029427854
70.3703003266037	-0.0359543360830524
70.4036669934252	-0.0356306954336014
70.4370336602468	-0.0382338120305794
70.4704003270683	-0.0394123150852558
70.5037669938898	-0.0385377835860436
70.5371336607113	-0.0401363124989195
70.5705003275329	-0.0377930683497378
70.6038669943544	-0.0394980841531796
70.6372336611759	-0.0431849398005168
70.6706003279974	-0.0396093153209883
70.703966994819	-0.040334187664534
70.7373336616405	-0.0422423701561479
70.770700328462	-0.0427245411540167
70.8040669952836	-0.0374420960615742
70.8374336621051	-0.0402689804323829
70.8708003289266	-0.0394555901798806
70.9041669957482	-0.0378909721014763
70.9375336625697	-0.040823926367832
70.9709003293912	-0.0383507826992094
71.0042669962127	-0.0385553966527108
71.0376336630343	-0.0356782808763352
71.0710003298558	-0.0373624101449398
71.1043669966773	-0.0351815305933949
71.1377336634988	-0.0386938669040517
71.1711003303204	-0.0352778474423099
71.2044669971419	-0.0349994604719945
71.2378336639634	-0.0346888125381656
71.271200330785	-0.0346531160911999
71.3045669976065	-0.0347883193465781
71.337933664428	-0.0353816360821959
71.3713003312496	-0.0354037051789597
71.4046669980711	-0.0357369449806741
71.4380336648926	-0.03607866873848
71.4714003317141	-0.0365057288689132
71.5047669985357	-0.0379793782936387
71.5381336653572	-0.0392037889441811
71.5715003321787	-0.0387063347236739
71.6048669990003	-0.0380274858519113
71.6382336658218	-0.0402641651330293
71.6716003326433	-0.0387132802121383
71.7049669994648	-0.0378527950838639
71.7383336662864	-0.04160223995279
71.7717003331079	-0.0426125592895396
71.8050669999294	-0.0423603274150845
71.838433666751	-0.0393973134057328
71.8718003335725	-0.0382352670818067
71.905167000394	-0.0383111151027679
71.9385336672155	-0.0395258364521369
71.9719003340371	-0.0368328272093489
72.0052670008586	-0.037837200319501
72.0386336676801	-0.0364606431494486
72.0720003345017	-0.0371182614019445
72.1053670013232	-0.0365475291811577
72.1387336681447	-0.0358971452641582
72.1721003349662	-0.0357910658999163
72.2054670017878	-0.0368448383618413
72.2388336686093	-0.0374742980965473
72.2722003354308	-0.0346165060568757
72.3055670022523	-0.0363697089918073
72.3389336690739	-0.0349495236458271
72.3723003358954	-0.0376615104028583
72.4056670027169	-0.038427211193171
72.4390336695385	-0.0395662614397061
72.47240033636	-0.0415266819681156
72.5057670031815	-0.0448189810662814
72.5391336700031	-0.0446101537627257
72.5725003368246	-0.0439867397834106
72.6058670036461	-0.0466666213693088
72.6392336704676	-0.0431255957894448
72.6726003372892	-0.0435275211815654
72.7059670041107	-0.043028129867066
72.7393336709322	-0.0436877645860751
72.7727003377537	-0.0409995732252422
72.8060670045753	-0.0422783550957863
72.8394336713968	-0.0392728298802039
72.8728003382183	-0.0407697294427965
72.9061670050399	-0.0358606984044028
72.9395336718614	-0.0376644819159426
72.9729003386829	-0.036171213750748
73.0062670055045	-0.0354045624772481
73.039633672326	-0.0336180499995272
73.0730003391475	-0.0370691783345634
73.106367005969	-0.0370518690896139
73.1397336727906	-0.0368796945862162
73.1731003396121	-0.0370734021236023
73.2064670064336	-0.0375125271776456
73.2398336732551	-0.038817901451869
73.2732003400767	-0.0390687330999477
73.3065670068982	-0.0383009200676757
73.3399336737197	-0.0421604142852158
73.3733003405413	-0.0356091981791667
73.4066670073628	-0.040405565274461
73.4400336741843	-0.0361231300622298
73.4734003410059	-0.0365503682347998
73.5067670078274	-0.0357209241933327
73.5401336746489	-0.0360110471105842
73.5735003414704	-0.0348014956380528
73.606867008292	-0.0346460287144671
73.6402336751135	-0.0375110270291575
73.673600341935	-0.0352561376256294
73.7069670087565	-0.0346608678958926
73.7403336755781	-0.0339892609658782
73.7737003423996	-0.0330738336215213
73.8070670092211	-0.0315373242362027
73.8404336760427	-0.0331510895748044
73.8738003428642	-0.0344168790878746
73.9071670096857	-0.0328407713312902
73.9405336765073	-0.0336979211341925
73.9739003433288	-0.0341970533902987
74.0072670101503	-0.0342445315435411
74.0406336769718	-0.0383338969712949
74.0740003437934	-0.0414289397428207
74.1073670106149	-0.0429052216278041
74.1407336774364	-0.0431613695957942
74.174100344258	-0.0409486884705675
74.2074670110795	-0.0415814002696366
74.240833677901	-0.0413033003625673
74.2742003447225	-0.0426205222883599
74.3075670115441	-0.0425313802587121
74.3409336783656	-0.0420092017831535
74.3743003451871	-0.0410611824424921
74.4076670120086	-0.040589108955994
74.4410336788302	-0.0406947899455142
74.4744003456517	-0.0390183188259481
74.5077670124732	-0.0400624537969939
74.5411336792948	-0.0356015817188269
74.5745003461163	-0.0364767219959621
74.6078670129378	-0.0339982265628468
74.6412336797594	-0.0347023932390144
74.6746003465809	-0.0368530379248576
74.7079670134024	-0.0368612505461342
74.7413336802239	-0.0357902963123428
74.7747003470455	-0.0345785910099582
74.808067013867	-0.0341018078663158
74.8414336806885	-0.0600885755980116
74.87480034751	-0.0335757085538999
74.9081670143316	-0.0337251107289076
74.9415336811531	-0.0878584372901397
74.9749003479746	-0.0389235653132531
75.0082670147962	-0.0855402149676498
75.0416336816177	-0.0376525904014821
75.0750003484392	-0.0404402021137122
75.1083670152608	-0.040726536018363
75.1417336820823	-0.0403533249774771
75.1751003489038	-0.0408468419662681
75.2084670157253	-0.0412315376102123
75.2418336825469	-0.0409989288506191
75.2752003493684	-0.0404439112523257
75.3085670161899	-0.0390376641866805
75.3419336830114	-0.0376326293744467
75.375300349833	-0.0383560912110256
75.4086670166545	-0.0385644111687137
75.442033683476	-0.0386389491498806
75.4754003502976	-0.0390123125745841
75.5087670171191	-0.0383252715720051
75.5421336839406	-0.0374022186093602
75.5755003507622	-0.0365015824735766
75.6088670175837	-0.0402313155616593
75.6422336844052	-0.0374993291012127
75.6756003512267	-0.0354287987589081
75.7089670180483	-0.0357530928382154
75.7423336848698	-0.0349193824567348
75.7757003516913	-0.0347237192295607
75.8090670185128	-0.0346253859740379
75.8424336853344	-0.0351622750321778
75.8758003521559	-0.0347105205034953
75.9091670189774	-0.0420063317723753
75.942533685799	-0.0347559019760866
75.9759003526205	-0.0385225571574117
76.009267019442	-0.0414556857350509
76.0426336862635	-0.0368089627066079
76.0760003530851	-0.037864414874893
76.1093670199066	-0.0372900915634606
76.1427336867281	-0.0405820830879362
76.1761003535497	-0.038888999450747
76.2094670203712	-0.0386483914834812
76.2428336871927	-0.0371672409264133
76.2762003540143	-0.0350749000982678
76.3095670208358	-0.0361070417508361
76.3429336876573	-0.0331123387086166
76.3763003544788	-0.0327160124260094
76.4096670213004	-0.0344844271879818
76.4430336881219	-0.035669803659742
76.4764003549434	-0.0383504223447739
76.5097670217649	-0.0367968118734291
76.5431336885865	-0.0390767032544156
76.576500355408	-0.0376959580759572
76.6098670222295	-0.0386972234408851
76.6432336890511	-0.0402470317400674
76.6766003558726	-0.036934984224114
76.7099670226941	-0.0389707270748561
76.7433336895157	-0.0407942125743503
76.7767003563372	-0.0391455688767143
76.8100670231587	-0.0396310245336601
76.8434336899802	-0.0443795349281543
76.8768003568018	-0.0412781988533384
76.9101670236233	-0.0414153589819307
76.9435336904448	-0.0339777993379822
76.9769003572663	-0.0339102937945741
77.0102670240879	-0.0341157204612438
77.0436336909094	-0.0368584106874561
77.0770003577309	-0.036162954752285
77.1103670245525	-0.0385816760706696
77.143733691374	-0.0396221092138669
77.1771003581955	-0.0381307469676921
77.2104670250171	-0.0385151704396484
77.2438336918386	-0.0380870583204444
77.2772003586601	-0.0342795026570767
77.3105670254816	-0.0353495813243268
77.3439336923032	-0.0385055953880998
77.3773003591247	-0.0392374239512385
77.4106670259462	-0.0408302795555003
77.4440336927677	-0.0406182602039501
77.4774003595893	-0.042254895345266
77.5107670264108	-0.0467176155490181
77.5441336932323	-0.0424741976206535
77.5775003600539	-0.049510728809425
77.6108670268754	-0.0520198774429149
77.6442336936969	-0.0545788011483645
77.6776003605185	-0.061706928221123
77.71096702734	-0.0751102025956828
77.7443336941615	-0.07762354627785
77.777700360983	-0.0758495841861642
77.8110670278046	-0.0744678720091374
77.8444336946261	-0.0783559017054789
77.8778003614476	-0.076699770042788
77.9111670282691	-0.0813156978941725
77.9445336950907	-0.0870019300937915
77.9779003619122	-0.0895859753629019
78.0112670287337	-0.0903437653620467
78.0446336955553	-0.0933116335873386
78.0780003623768	-0.0997665916401385
78.1113670291983	-0.0984021246166496
78.1447336960198	-0.104013783542407
78.1781003628414	-0.104513490373403
78.2114670296629	-0.103760336077084
78.2448336964844	-0.108134298838299
78.278200363306	-0.11326781604307
78.3115670301275	-0.108541148349381
78.344933696949	-0.106647488239651
78.3783003637705	-0.0964612923183051
78.4116670305921	-0.0967149052339343
78.4450336974136	-0.100804725180824
78.4784003642351	-0.113375580107281
78.5117670310567	-0.141885585251679
78.5451336978782	-0.179014154443578
78.5785003646997	-0.201834157475589
78.6118670315212	-0.233281910717957
78.6452336983428	-0.248044426283337
78.6786003651643	-0.248334370663987
78.7119670319858	-0.23865353187892
78.7453336988074	-0.243179997090607
78.7787003656289	-0.251884203112901
78.8120670324504	-0.254039660548443
78.845433699272	-0.254843713978472
78.8788003660935	-0.25451829237855
78.912167032915	-0.250852623022587
78.9455336997365	-0.252071647224545
78.9789003665581	-0.263403604935675
79.0122670333796	-0.262049800671619
79.0456337002011	-0.263018298523563
