0.0333666668215285	0
0.0667333336430571	0.00408848407119119
0.100100000464586	0.00461189409360159
0.133466667286114	-0.000344553439435991
0.166833334107643	0.0028569143331963
0.200200000929171	-0.000135128392640984
0.2335666677507	-0.000754812592473684
0.266933334572228	-0.00223139504583583
0.300300001393757	-0.00363667948005683
0.333666668215285	-0.002470959475459
0.367033335036814	0.000682718751930669
0.400400001858343	8.43669404180581e-05
0.433766668679871	-0.000618073556801287
0.4671333355014	-0.00111686273158642
0.500500002322928	-0.00588579714063366
0.533866669144457	-0.00334059579089919
0.567233335965985	-0.00440358478718851
0.600600002787514	-0.0082728040117427
0.633966669609042	-0.00908096202480875
0.667333336430571	-0.00428215946560315
0.700700003252099	-0.00726381542289566
0.734066670073628	-0.00582423799615478
0.767433336895156	-0.0097189376090797
0.800800003716685	-0.00683463794437055
0.834166670538214	-0.0107774226110777
0.867533337359742	-0.00636435813994818
0.900900004181271	-0.00332713270796247
0.934266671002799	-0.0021744133437667
0.967633337824328	0.00487400212826795
1.00100000464586	0.0170274659130193
1.03436667146738	0.0127264410344733
1.06773333828891	0.0128025074072903
1.10110000511044	0.0106747375803015
1.13446667193197	0.0102506760171469
1.1678333387535	0.013054877254565
1.20120000557503	0.0140818842413881
1.23456667239656	0.0159269801257525
1.26793333921808	0.00950003452202118
1.30130000603961	0.0134819758561406
1.33466667286114	0.0149680118762871
1.36803333968267	0.0195867238919885
1.4014000065042	0.0184075377408028
1.43476667332573	0.0179287969502067
1.46813334014726	0.0190888120707161
1.50150000696878	0.0193537863719183
1.53486667379031	0.0210977425817439
1.56823334061184	0.0178209761563876
1.60160000743337	0.0185932287045808
1.6349666742549	0.0177463138693983
1.66833334107643	0.0181943159226721
1.70170000789796	0.0173694473856891
1.73506667471948	0.0170341495456223
1.76843334154101	0.0164224864077903
1.80180000836254	0.0187236717596509
1.83516667518407	0.0191200270540923
1.8685333420056	0.0163797229734194
1.90190000882713	0.0163332444041843
1.93526667564866	0.0185939978469794
1.96863334247018	0.014682694671825
2.00200000929171	0.0161185919837862
2.03536667611324	0.0183955590633062
2.06873334293477	0.0153110698273694
2.1021000097563	0.0165611988962884
2.13546667657783	0.0168382751492281
2.16883334339936	0.0172049432544749
2.20220001022088	0.016510353609875
2.23556667704241	0.0175773872115815
2.26893334386394	0.0190829170152838
2.30230001068547	0.0185642624729118
2.335666677507	0.0185131104597242
2.36903334432853	0.0169383945280779
2.40240001115006	0.0147866912389638
2.43576667797158	0.0164739980869574
2.46913334479311	0.0133642274708422
2.50250001161464	0.0147553055254728
2.53586667843617	0.0144672570237952
2.5692333452577	0.0156321609039694
2.60260001207923	0.0142656845755983
2.63596667890075	0.014103990904278
2.66933334572228	0.0145450419844456
2.70270001254381	0.0160918128185509
2.73606667936534	0.0169658337563713
2.76943334618687	0.0179568926619153
2.8028000130084	0.0174140274473696
2.83616667982993	0.0158477431663404
2.86953334665145	0.0177164910648966
2.90290001347298	0.0158735406119721
2.93626668029451	0.0170822234250154
2.96963334711604	0.0158484454295245
3.00300001393757	0.015819623933298
3.0363666807591	0.0138811457605568
3.06973334758063	0.0143247832341388
3.10310001440215	0.0155339599158588
3.13646668122368	0.016727578981565
3.16983334804521	0.0158767824966655
3.20320001486674	0.0151458467824513
3.23656668168827	0.0135509166200891
3.2699333485098	0.0134457648166193
3.30330001533133	0.0127489386741074
3.33666668215285	0.0146151424509157
3.37003334897438	0.0160585182977634
3.40340001579591	0.0161629543500483
3.43676668261744	0.0157563687069443
3.47013334943897	0.0158580241997094
3.5035000162605	0.016346831936917
3.53686668308203	0.0160053366285089
3.57023334990355	0.013702211696037
3.60360001672508	0.013337441458485
3.63696668354661	0.0126608251740769
3.67033335036814	0.0125204247885573
3.70370001718967	0.0126227590351233
3.7370666840112	0.0125699832503085
3.77043335083273	0.0119484973878578
3.80380001765425	0.0132460050720824
3.83716668447578	0.0134729572833323
3.87053335129731	0.01194026595152
3.90390001811884	0.0146072134005944
3.93726668494037	0.0148532909534123
3.9706333517619	0.0139749668841057
4.00400001858343	0.0141012498401907
4.03736668540495	0.0150469228400263
4.07073335222648	0.0134750455935654
4.10410001904801	0.0149259634385936
4.13746668586954	0.0151759314557914
4.17083335269107	0.0144654313344157
4.2042000195126	0.0123303942329543
4.23756668633412	0.0118480232662954
4.27093335315565	0.0122082200466923
4.30430001997718	0.0126756369312747
4.33766668679871	0.00805316989055813
4.37103335362024	0.0114520806314536
4.40440002044177	0.0103300791002306
4.4377666872633	0.0117246212943701
4.47113335408482	0.0131301623172742
4.50450002090635	0.012272138254105
4.53786668772788	0.0138077085997857
4.57123335454941	0.0139082613864972
4.60460002137094	0.0131036133609304
4.63796668819247	0.0123849342072752
4.671333355014	0.0140025504113526
4.70470002183552	0.0141193433449958
4.73806668865705	0.0140401328580354
4.77143335547858	0.0140414176815962
4.80480002230011	0.0113092919447698
4.83816668912164	0.0129302885827622
4.87153335594317	0.0116132415402068
4.9049000227647	0.00975234469604293
4.93826668958622	0.00837041561390989
4.97163335640775	0.00941897966022488
5.00500002322928	0.0119487980348729
5.03836669005081	0.0119322598950675
5.07173335687234	0.015161237515654
5.10510002369387	0.0148519237596769
5.1384666905154	0.0141573087020751
5.17183335733692	0.0142739728034152
5.20520002415845	0.0157664347105488
5.23856669097998	0.0152983414807203
5.27193335780151	0.0159214696399889
5.30530002462304	0.0156532089219103
5.33866669144457	0.0118312057221036
5.3720333582661	0.0122970555482394
5.40540002508762	0.0100950109188499
5.43876669190915	0.0126267645532171
5.47213335873068	0.0106077606680317
5.50550002555221	0.0135326346150922
5.53886669237374	0.0140568341097915
5.57223335919527	0.0125025737572529
5.60560002601679	0.0109657126798356
5.63896669283832	0.0119014626954277
5.67233335965985	0.0123193486707943
5.70570002648138	0.0134357264807981
5.73906669330291	0.0114727154072864
5.77243336012444	0.0120340632014076
5.80580002694597	0.012841344657107
5.83916669376749	0.0118293309119077
5.87253336058902	0.0121539979843258
5.90590002741055	0.0131414675158222
5.93926669423208	0.0119118336694847
5.97263336105361	0.0122797157444997
6.00600002787514	0.0131462589776897
6.03936669469667	0.0134363559336823
6.07273336151819	0.0136236638327185
6.10610002833972	0.0131207315630476
6.13946669516125	0.0123800727120493
6.17283336198278	0.0105992152741532
6.20620002880431	0.0130303385639254
6.23956669562584	0.0135137774030011
6.27293336244737	0.0111607206245571
6.30630002926889	0.0112290707909106
6.33966669609042	0.0116757462021206
6.37303336291195	0.0110797641114302
6.40640002973348	0.0120172008582649
6.43976669655501	0.0140426556861064
6.47313336337654	0.013562281375216
6.50650003019807	0.0143582354111434
6.53986669701959	0.0139145884677497
6.57323336384112	0.0138978798384815
6.60660003066265	0.0132230807276629
6.63996669748418	0.0140300030057298
6.67333336430571	0.0100977842924554
6.70670003112724	0.010214752604498
6.74006669794877	0.0145335617953136
6.77343336477029	0.0090159150115363
6.80680003159182	0.00784220878770212
6.84016669841335	0.0142905114429749
6.87353336523488	0.0139273956259381
6.90690003205641	0.0138580204461759
6.94026669887794	0.0131973997922884
6.97363336569947	0.0124394057650241
7.00700003252099	0.0148125126959386
7.04036669934252	0.0153246110626303
7.07373336616405	0.0187060715640575
7.10710003298558	0.017857695532599
7.14046669980711	0.0160267171802896
7.17383336662864	0.0134549832032017
7.20720003345017	0.0157386343764085
7.24056670027169	0.0153816463916929
7.27393336709322	0.0165131468023478
7.30730003391475	0.0125346788139812
7.34066670073628	0.0170132880852156
7.37403336755781	0.0156731288729175
7.40740003437934	0.0155316602695941
7.44076670120087	0.0159950557537606
7.47413336802239	0.0146213648900608
7.50750003484392	0.0145940325439682
7.54086670166545	0.0152849020364485
7.57423336848698	0.0134846996623068
7.60760003530851	0.0124263040780707
7.64096670213004	0.0126126236736115
7.67433336895157	0.0117834643929745
7.70770003577309	0.0132429182586746
7.74106670259462	0.0134191370893788
7.77443336941615	0.0131854927461115
7.80780003623768	0.0119435104937762
7.84116670305921	0.0120033891526453
7.87453336988074	0.0118749511262903
7.90790003670226	0.0116808878503682
7.94126670352379	0.0117510205112219
7.97463337034532	0.0120271791558826
8.00800003716685	0.0121351432279502
8.04136670398838	0.0164915688284454
8.07473337080991	0.0170009281408929
8.10810003763144	0.0163728557373589
8.14146670445296	0.0172934868532637
8.17483337127449	0.0153359332533383
8.20820003809602	0.0161334094459742
8.24156670491755	0.01355601984105
8.27493337173908	0.0124146759954475
8.30830003856061	0.0139272041315028
8.34166670538213	0.0128357507362262
8.37503337220366	0.0140335938302393
8.40840003902519	0.0114349366159377
8.44176670584672	0.0110025147983448
8.47513337266825	0.0119715148759149
8.50850003948978	0.0113806591917607
8.54186670631131	0.0120825874946597
8.57523337313284	0.00876070658453954
8.60860003995436	0.00917640478476832
8.64196670677589	0.00851598756013
8.67533337359742	0.0114062167554901
8.70870004041895	0.0122557208878243
8.74206670724048	0.00902764717849031
8.77543337406201	0.0111270092611893
8.80880004088353	0.00959099918384859
8.84216670770506	0.0107440894665168
8.87553337452659	0.0107256893332213
8.90890004134812	0.00914346129081564
8.94226670816965	0.00800079891461843
8.97563337499118	0.0125412150628095
9.00900004181271	0.0109717584357858
9.04236670863424	0.0113902415555878
9.07573337545576	0.011941216693536
9.10910004227729	0.0119434809045894
9.14246670909882	0.00870331900230522
9.17583337592035	0.0130394275759782
9.20920004274188	0.010583282759677
9.24256670956341	0.0127335266628931
9.27593337638493	0.0101153348486504
9.30930004320646	0.0125256896559575
9.34266671002799	0.0121789112006031
9.37603337684952	0.00871673150906997
9.40940004367105	0.0119514722063942
9.44276671049258	0.0134048294304328
9.47613337731411	0.0112817663758809
9.50950004413563	0.0123554203378741
9.54286671095716	0.0117098269155082
9.57623337777869	0.0094479441737083
9.60960004460022	0.0118637502454464
9.64296671142175	0.0127942498546617
9.67633337824328	0.0110676718059078
9.70970004506481	0.00964262729198513
9.74306671188633	0.0105291534989624
9.77643337870786	0.00923134059396578
9.80980004552939	0.0112554053537397
9.84316671235092	0.0118624575489407
9.87653337917245	0.00653979130686087
9.90990004599398	0.0124482203242189
9.94326671281551	0.0105930733639603
9.97663337963703	0.00859434049218952
10.0100000464586	0.00994137981137759
10.0433667132801	0.0109889781261201
10.0767333801016	0.0111638943634927
10.1101000469231	0.0118586999132435
10.1434667137447	0.00989701914751632
10.1768333805662	0.0103149659523135
10.2102000473877	0.0110010504395626
10.2435667142093	0.00700269067872683
10.2769333810308	0.00779839209453977
10.3103000478523	0.00455418405499558
10.3436667146738	0.00473103051653073
10.3770333814954	0.00828067817136827
10.4104000483169	0.00992401733121391
10.4437667151384	0.00985052142952206
10.47713338196	0.0105086199975312
10.5105000487815	0.00843015023774437
10.543866715603	0.00667549157645986
10.5772333824245	0.00801382380086018
10.6106000492461	0.00970965887262762
10.6439667160676	0.0104060770619213
10.6773333828891	0.0100643003875541
10.7107000497107	0.00918844966850524
10.7440667165322	0.00943852215612824
10.7774333833537	0.0108195996088342
10.8108000501752	0.00875258046537847
10.8441667169968	0.00858848431957795
10.8775333838183	0.00975208424419519
10.9109000506398	0.00768901047532772
10.9442667174614	0.00601114761971183
10.9776333842829	0.00595401899811158
11.0110000511044	0.0106770238238197
11.0443667179259	0.0116234474882905
11.0777333847475	0.0116024442807116
11.111100051569	0.0133787089584144
11.1444667183905	0.0150586461439977
11.1778333852121	0.0109311406742771
11.2112000520336	0.00975323762610513
11.2445667188551	0.0106889509672729
11.2779333856766	0.0106165598213642
11.3113000524982	0.0110263851561702
11.3446667193197	0.00924527456812594
11.3780333861412	0.0113516803141469
11.4114000529628	0.00937256148453514
11.4447667197843	0.0098281872749898
11.4781333866058	0.0110796222427054
11.5115000534273	0.0123098896588265
11.5448667202489	0.0154185980637695
11.5782333870704	0.0141534355716133
11.6116000538919	0.0134829010776582
11.6449667207135	0.014800461560059
11.678333387535	0.0142065313956484
11.7117000543565	0.0150102161173086
11.745066721178	0.0149252614939766
11.7784333879996	0.0187709939012077
11.8118000548211	0.0173701714291431
11.8451667216426	0.0143495961681829
11.8785333884642	0.0139040096677649
11.9119000552857	0.0137460284847872
11.9452667221072	0.0145605991496884
11.9786333889287	0.0119341321347866
12.0120000557503	0.0141767393163779
12.0453667225718	0.0129385253744669
12.0787333893933	0.0132318223590377
12.1121000562149	0.0147628988603623
12.1454667230364	0.0145402533631529
12.1788333898579	0.0130954954548818
12.2122000566794	0.0119596961476843
12.245566723501	0.0127630396729796
12.2789333903225	0.0157727700913365
12.312300057144	0.0152057099636702
12.3456667239656	0.0144948781857962
12.3790333907871	0.0133210448676001
12.4124000576086	0.0139394260870328
12.4457667244301	0.0134497899007366
12.4791333912517	0.0137412819609344
12.5125000580732	0.0131437167262113
12.5458667248947	0.0128089460876661
12.5792333917163	0.0156325029246487
12.6126000585378	0.0128004882819894
12.6459667253593	0.0135851221726656
12.6793333921808	0.0122705042345613
12.7127000590024	0.0116594266373965
12.7460667258239	0.012420141417774
12.7794333926454	0.0133783245027967
12.812800059467	0.0100221150381592
12.8461667262885	0.0118684013552467
12.87953339311	0.0117421347237272
12.9129000599315	0.0140415999373186
12.9462667267531	0.0131224622839787
12.9796333935746	0.0117404905076754
13.0130000603961	0.0115374727663914
13.0463667272177	0.0125753900948097
13.0797333940392	0.0126632154986237
13.1131000608607	0.0115825536911563
13.1464667276822	0.0109588206760637
13.1798333945038	0.0132431306879273
13.2132000613253	0.0104018695364625
13.2465667281468	0.0107616525218897
13.2799333949684	0.00924254323767402
13.3133000617899	0.0100607121218633
13.3466667286114	0.0101708559732321
13.3800333954329	0.00869950063104109
13.4134000622545	0.0126225044642856
13.446766729076	0.00965402890282259
13.4801333958975	0.00959801111360289
13.5135000627191	0.0127184195884315
13.5468667295406	0.0131509612114039
13.5802333963621	0.013145870036681
13.6136000631836	0.0137250585495156
13.6469667300052	0.0140755761499295
13.6803333968267	0.013061417272575
13.7137000636482	0.0126096558779941
13.7470667304698	0.0132188384837389
13.7804333972913	0.0134859000320208
13.8138000641128	0.0133355932280722
13.8471667309343	0.0130158666983748
13.8805333977559	0.0119624744889326
13.9139000645774	0.0122450074348261
13.9472667313989	0.0116552685084782
13.9806333982205	0.00999329750455401
14.014000065042	0.0138809629279883
14.0473667318635	0.0141434317682757
14.080733398685	0.0160989693042445
14.1141000655066	0.0146333722338639
14.1474667323281	0.0149983875546704
14.1808333991496	0.0117837880630825
14.2142000659712	0.0119513608673033
14.2475667327927	0.0115104158013058
14.2809333996142	0.0108131350583703
14.3143000664357	0.010501345770733
14.3476667332573	0.0105266971427113
14.3810334000788	0.0125542023848887
14.4144000669003	0.0124332209249284
14.4477667337219	0.0129935925700159
14.4811334005434	0.012721743202708
14.5145000673649	0.012333400962367
14.5478667341864	0.0136251918532218
14.581233401008	0.014274352963729
14.6146000678295	0.0124539686513318
14.647966734651	0.0104663956510368
14.6813334014726	0.0126544704613708
14.7147000682941	0.0136180175239489
14.7480667351156	0.013944864014725
14.7814334019371	0.0124182789912745
14.8148000687587	0.0127050915218804
14.8481667355802	0.0117367524169885
14.8815334024017	0.0126909017974879
14.9149000692233	0.0130490473036124
14.9482667360448	0.011466385578418
14.9816334028663	0.0145977219946269
15.0150000696878	0.0123504954100996
15.0483667365094	0.0127756509198637
15.0817334033309	0.0166607594334985
15.1151000701524	0.0148657344966354
15.148466736974	0.0153564020763242
15.1818334037955	0.0135795473246112
15.215200070617	0.0143085345281724
15.2485667374385	0.0144629605883664
15.2819334042601	0.012526273588293
15.3153000710816	0.0134829093464239
15.3486667379031	0.0112534908459244
15.3820334047247	0.0131645538240582
15.4154000715462	0.0131553737182191
15.4487667383677	0.0104379666100546
15.4821334051892	0.00967990552007958
15.5155000720108	0.0113709018395831
15.5488667388323	0.0121005250125141
15.5822334056538	0.0123985324036617
15.6156000724754	0.0128074934190857
15.6489667392969	0.0133276524113543
15.6823334061184	0.0148879747050398
15.7157000729399	0.0156278392166658
15.7490667397615	0.0136261270241524
15.782433406583	0.0105668076750183
15.8158000734045	0.0104785288494499
15.8491667402261	0.0135443025228155
15.8825334070476	0.0141681647711653
15.9159000738691	0.015827290844488
15.9492667406906	0.0120568584638897
15.9826334075122	0.0122898619933253
16.0160000743337	0.0131895207756648
16.0493667411552	0.0124838212883733
16.0827334079768	0.0123648223042067
16.1161000747983	0.010240221320495
16.1494667416198	0.00885779029703612
16.1828334084413	0.00941482396566164
16.2162000752629	0.00854213586918248
16.2495667420844	0.00923373400933439
16.2829334089059	0.00877446806747543
16.3163000757275	0.00864519347009741
16.349666742549	0.0105701559419741
16.3830334093705	0.00996959586012685
16.416400076192	0.0128211065446822
16.4497667430136	0.0121001562209539
16.4831334098351	0.0127873956899656
16.5165000766566	0.0139651300883992
16.5498667434782	0.0156053301670616
16.5832334102997	0.0175445247660084
16.6166000771212	0.0149722845436155
16.6499667439427	0.0143966188445018
16.6833334107643	0.0144684554243075
16.7167000775858	0.0144227105938702
16.7500667444073	0.0141427315691738
16.7834334112289	0.0146471861765472
16.8168000780504	0.0137146787162763
16.8501667448719	0.0137500203266132
16.8835334116934	0.0149329431995929
16.916900078515	0.00838783664302374
16.9502667453365	0.00892864154001357
16.983633412158	0.0073691014525556
17.0170000789796	0.0097253161226173
17.0503667458011	0.0124232194561239
17.0837334126226	0.0123675809851821
17.1171000794441	0.013945477809016
17.1504667462657	0.0126958639469022
17.1838334130872	0.0131660116185295
17.2172000799087	0.0130242040113341
17.2505667467303	0.015124710183386
17.2839334135518	0.0156657773925112
17.3173000803733	0.013057153406917
17.3506667471948	0.0155240528107858
17.3840334140164	0.0153530824212708
17.4174000808379	0.0133705063685693
17.4507667476594	0.0141879969950426
17.484133414481	0.0143100706258007
17.5175000813025	0.0137402553666583
17.550866748124	0.0130257193835687
17.5842334149455	0.0134880730633039
17.6176000817671	0.0139063769215789
17.6509667485886	0.0149976364573294
17.6843334154101	0.0151999171246292
17.7177000822317	0.0138134162435953
17.7510667490532	0.0144561493558298
17.7844334158747	0.0141460021184649
17.8178000826962	0.0151168627810323
17.8511667495178	0.0144126048450738
17.8845334163393	0.0135245360046288
17.9179000831608	0.0142245884569686
17.9512667499824	0.0154854469935962
17.9846334168039	0.0151414015446958
18.0180000836254	0.0149664185620482
18.0513667504469	0.0139480033635402
18.0847334172685	0.0145637280565499
18.11810008409	0.0142053988459363
18.1514667509115	0.0131049264680258
18.1848334177331	0.0122549776394155
18.2182000845546	0.0132863592402141
18.2515667513761	0.0136195096768872
18.2849334181976	0.0151611055096509
18.3183000850192	0.0132125066583646
18.3516667518407	0.0131865985913695
18.3850334186622	0.0126820334736641
18.4184000854838	0.0120065525306574
18.4517667523053	0.0113388535061378
18.4851334191268	0.00817649551561969
18.5185000859483	0.0106749230707812
18.5518667527699	0.0125333579224858
18.5852334195914	0.0126365110889821
18.6186000864129	0.012133413215387
18.6519667532345	0.00839371267640712
18.685333420056	0.00861652879307013
18.7187000868775	0.00893496502305729
18.752066753699	0.0139229740594852
18.7854334205206	0.0124740907989047
18.8188000873421	0.0108875783387094
18.8521667541636	0.0109239525623803
18.8855334209852	0.0108862118521185
18.9189000878067	0.0120641330903478
18.9522667546282	0.00958411251344274
18.9856334214497	0.0144979753523619
19.0190000882713	0.0124059392885754
19.0523667550928	0.0122579651978149
19.0857334219143	0.0166461467207868
19.1191000887359	0.0146827211748081
19.1524667555574	0.0148109693746047
19.1858334223789	0.0161350001713866
19.2192000892004	0.0150046228515184
19.252566756022	0.0144809955491551
19.2859334228435	0.0177410264702699
19.319300089665	0.0136212292786743
19.3526667564866	0.0142072654663775
19.3860334233081	0.0165121682517406
19.4194000901296	0.0146698519570761
19.4527667569511	0.0124159127072884
19.4861334237727	0.0108873574743912
19.5195000905942	0.013871397882497
19.5528667574157	0.0142792485551986
19.5862334242373	0.0130926695654634
19.6196000910588	0.0137619113063738
19.6529667578803	0.014481545197462
19.6863334247018	0.0153436688303014
19.7197000915234	0.0139791749950988
19.7530667583449	0.0130032601952936
19.7864334251664	0.0132457495304763
19.819800091988	0.0128279301517884
19.8531667588095	0.0132023511577555
19.886533425631	0.013740173097482
19.9199000924525	0.0128462064702166
19.9532667592741	0.0137300356158763
19.9866334260956	0.0126645905022184
20.0200000929171	0.0156630842378437
20.0533667597387	0.0161072691040937
20.0867334265602	0.0144247119667079
20.1201000933817	0.0136500463530563
20.1534667602032	0.0142607552498123
20.1868334270248	0.0153305266413667
20.2202000938463	0.0135843624164902
20.2535667606678	0.0137585017473308
20.2869334274894	0.0142230213313844
20.3203000943109	0.0125512430998868
20.3536667611324	0.0112042863226707
20.3870334279539	0.0120177376689307
20.4204000947755	0.0122730369864087
20.453766761597	0.0119668892831854
20.4871334284185	0.0107680702884204
20.5205000952401	0.0151400876713556
20.5538667620616	0.014660987801791
20.5872334288831	0.0150614151315016
20.6206000957046	0.0158818349072464
20.6539667625262	0.0155425386819104
20.6873334293477	0.0161201916513297
20.7207000961692	0.0153639709006864
20.7540667629908	0.0162476160818005
20.7874334298123	0.0157034563610214
20.8208000966338	0.0178887251421051
20.8541667634553	0.0168820556988687
20.8875334302769	0.0157533031296665
20.9209000970984	0.0170145321785954
20.9542667639199	0.0171586383368098
20.9876334307415	0.0180184859172111
21.021000097563	0.0167118623112904
21.0543667643845	0.0144972928042119
21.087733431206	0.0148245714707507
21.1211000980276	0.0134974579727284
21.1544667648491	0.0142613966211627
21.1878334316706	0.0162374791269225
21.2212000984922	0.0162802026170171
21.2545667653137	0.0149317224353382
21.2879334321352	0.0161118215100785
21.3213000989567	0.0126117503932258
21.3546667657783	0.0136155847743643
21.3880334325998	0.0124342985080303
21.4214000994213	0.0125700646595232
21.4547667662429	0.0124288591444701
21.4881334330644	0.013826874053578
21.5215000998859	0.0153370183526684
21.5548667667074	0.0128248881089021
21.588233433529	0.0113239613869315
21.6216001003505	0.00914211082233201
21.654966767172	0.00900668523205503
21.6883334339936	0.0096420967860821
21.7217001008151	0.0100781221262451
21.7550667676366	0.012748523170353
21.7884334344581	0.0135365175760792
21.8218001012797	0.0130018278002564
21.8551667681012	0.0128766124754746
21.8885334349227	0.0119363692325037
21.9219001017443	0.011516170376935
21.9552667685658	0.0116405899209817
21.9886334353873	0.0101755968003209
22.0220001022088	0.0144803087941698
22.0553667690304	0.0151565377039368
22.0887334358519	0.0120002913443261
22.1221001026734	0.0128445125748693
22.155466769495	0.0112708106961439
22.1888334363165	0.0106517051389985
22.222200103138	0.0102698544704661
22.2555667699595	0.0101255449202278
22.2889334367811	0.0103104655699795
22.3223001036026	0.0103442625095598
22.3556667704241	0.0102679740547563
22.3890334372457	0.0106455222815071
22.4224001040672	0.010146693574605
22.4557667708887	0.0106004505164739
22.4891334377102	0.0116494808686535
22.5225001045318	0.0122499972718411
22.5558667713533	0.00894411139794692
22.5892334381748	0.0143605084854267
22.6226001049964	0.0127028230650124
22.6559667718179	0.012090696799966
22.6893334386394	0.0136597419180496
22.7227001054609	0.0141861943530967
22.7560667722825	0.0142490315184961
22.789433439104	0.00635920412300129
22.8228001059255	0.0111241158216479
22.8561667727471	0.00947041851238182
22.8895334395686	0.00506591853825973
22.9229001063901	0.00914558515371621
22.9562667732116	0.00765076538151417
22.9896334400332	0.00832398521094516
23.0230001068547	0.00932036333408719
23.0563667736762	0.00971825486399725
23.0897334404978	0.0144832263857071
23.1231001073193	0.0125174120346721
23.1564667741408	0.0118934544234888
23.1898334409623	0.0124915624557126
23.2232001077839	0.0139486706308487
23.2565667746054	0.0135405831212104
23.2899334414269	0.0141756948391591
23.3233001082484	0.00996426316836474
23.35666677507	0.0102941978332226
23.3900334418915	0.00856352459891908
23.423400108713	0.00779468788096233
23.4567667755346	0.00706603591801228
23.4901334423561	0.00727091280355647
23.5235001091776	0.0116020064766304
23.5568667759992	0.0139938891706047
23.5902334428207	0.0151203436294581
23.6236001096422	0.0152409905042039
23.6569667764637	0.0142786714478442
23.6903334432853	0.0151461449471254
23.7237001101068	0.0163344472028456
23.7570667769283	0.015002705386654
23.7904334437499	0.0153481895025682
23.8238001105714	0.0106911980285129
23.8571667773929	0.0102515469598145
23.8905334442144	0.0104659378812405
23.923900111036	0.00955882720401196
23.9572667778575	0.008627049226013
23.990633444679	0.0105089531853402
24.0240001115006	0.00867964403653822
24.0573667783221	0.0113876634359565
24.0907334451436	0.00919442510941827
24.1241001119651	0.00934556217779519
24.1574667787867	0.00838188978538558
24.1908334456082	0.0118547893806999
24.2242001124297	0.0119354434394966
24.2575667792512	0.0106827621890819
24.2909334460728	0.0144992945562594
24.3243001128943	0.0148060322466337
24.3576667797158	0.0158324298491106
24.3910334465374	0.0156995019133586
24.4244001133589	0.013959977839498
24.4577667801804	0.015115420866179
24.4911334470019	0.0153591407564619
24.5245001138235	0.0134643525703894
24.557866780645	0.0146878772531862
24.5912334474665	0.0120104058379784
24.6246001142881	0.0131133466879272
24.6579667811096	0.012604505584017
24.6913334479311	0.0125016817332574
24.7247001147527	0.0133656971489501
24.7580667815742	0.012595459315846
24.7914334483957	0.0121632371254478
24.8248001152172	0.0134635595983489
24.8581667820388	0.014114543560177
24.8915334488603	0.0102555604144132
24.9249001156818	0.0124205782734663
24.9582667825034	0.0122111261444999
24.9916334493249	0.0131787918139594
25.0250001161464	0.0135716943219561
25.0583667829679	0.0136753024425861
25.0917334497895	0.0149410305479907
25.125100116611	0.0152285494641241
25.1584667834325	0.0127215213648258
25.191833450254	0.0142847441826762
25.2252001170756	0.0128594108299347
25.2585667838971	0.0116245610142195
25.2919334507186	0.0122060652882915
25.3253001175402	0.0127865759625193
25.3586667843617	0.0129215407686253
25.3920334511832	0.0102057079014409
25.4254001180047	0.0127311078367468
25.4587667848263	0.0126689224701831
25.4921334516478	0.0117741691003421
25.5255001184693	0.0115703837629508
25.5588667852909	0.0114512106033535
25.5922334521124	0.013052348965863
25.6256001189339	0.0124391411135708
25.6589667857554	0.0110293306565243
25.692333452577	0.0118545129949819
25.7257001193985	0.0127174825705053
25.75906678622	0.0111115028846288
25.7924334530416	0.0124008225916027
25.8258001198631	0.0125369186638996
25.8591667866846	0.00996883892468632
25.8925334535062	0.0124422939283879
25.9259001203277	0.0111114736308358
25.9592667871492	0.0129683697960845
25.9926334539707	0.0140690200173855
26.0260001207923	0.0142921640461314
26.0593667876138	0.0145287674160625
26.0927334544353	0.0148667152673826
26.1261001212568	0.0134299056073476
26.1594667880784	0.0140948919150974
26.1928334548999	0.0150590967668398
26.2262001217214	0.0157203346482232
26.259566788543	0.0146656544242543
26.2929334553645	0.0159780593342245
26.326300122186	0.0142450295766326
26.3596667890075	0.0141249622856587
26.3930334558291	0.010545760251539
26.4264001226506	0.0079744520246826
26.4597667894721	0.0109552050001
26.4931334562937	0.00798390493456803
26.5265001231152	0.0140159188160552
26.5598667899367	0.0137187850984109
26.5932334567582	0.0126393028188996
26.6266001235798	0.0121536975482735
26.6599667904013	0.0129989036525019
26.6933334572228	0.0156461837965801
26.7267001240444	0.0140756252881939
26.7600667908659	0.0146936236131293
26.7934334576874	0.0130526032189647
26.8268001245089	0.0140582334090705
26.8601667913305	0.0130103922767879
26.893533458152	0.0137498200709485
26.9269001249735	0.0130300893494928
26.9602667917951	0.0123618093578728
26.9936334586166	0.00862073321929364
27.0270001254381	0.0120519559803305
27.0603667922596	0.0114909605903687
27.0937334590812	0.0129217318201738
27.1271001259027	0.012125467182716
27.1604667927242	0.0118737026583745
27.1938334595458	0.0118460391282205
27.2272001263673	0.0137426721069512
27.2605667931888	0.012540192824224
27.2939334600103	0.0131606907425564
27.3273001268319	0.0124691505783111
27.3606667936534	0.0127406888213041
27.3940334604749	0.0122731026217857
27.4274001272965	0.013701842135269
27.460766794118	0.0122770676509561
27.4941334609395	0.010236533111491
27.527500127761	0.0100825729840874
27.5608667945826	0.0115957072360048
27.5942334614041	0.0113856731927465
27.6276001282256	0.00884167098981432
27.6609667950472	0.0124967964209694
27.6943334618687	0.0105707461443301
27.7277001286902	0.0129724744540005
27.7610667955117	0.0113359774517157
27.7944334623333	0.0121672103913391
27.8278001291548	0.0137966427012854
27.8611667959763	0.0122146162721008
27.8945334627979	0.0178917804742778
27.9279001296194	0.0122643039928696
27.9612667964409	0.0124396459286265
27.9946334632624	0.0157000128701682
28.028000130084	0.0163240031940159
28.0613667969055	0.0154982521922002
28.094733463727	0.0125613890589163
28.1281001305486	0.0115809175121947
28.1614667973701	0.0115576326916543
28.1948334641916	0.0114284040691641
28.2282001310131	0.012641481818212
28.2615667978347	0.0143660169397084
28.2949334646562	0.0127846869510659
28.3283001314777	0.0139469305596199
28.3616667982993	0.0139889291479504
28.3950334651208	0.0134204968210296
28.4284001319423	0.0137206656174108
28.4617667987638	0.0138413246318537
28.4951334655854	0.0114923172923806
28.5285001324069	0.0134992330055797
28.5618667992284	0.012051842799347
28.59523346605	0.0150668244497879
28.6286001328715	0.0162542861867763
28.661966799693	0.0140466390987639
28.6953334665145	0.0114422516031767
28.7287001333361	0.0152929684779643
28.7620668001576	0.0130897813408006
28.7954334669791	0.0131349926064667
28.8288001338007	0.0133872707579212
28.8621668006222	0.0136802310183937
28.8955334674437	0.0131810242010262
28.9289001342652	0.0126154989082193
28.9622668010868	0.0136678977386451
28.9956334679083	0.0131989187644434
29.0290001347298	0.0139469121888664
29.0623668015514	0.013697131946547
29.0957334683729	0.0128220963155039
29.1291001351944	0.0128318566704407
29.1624668020159	0.0129282067316155
29.1958334688375	0.0107641921057339
29.229200135659	0.0118075932599268
29.2625668024805	0.0129006757039257
29.2959334693021	0.0115681246516288
29.3293001361236	0.0122667142564965
29.3626668029451	0.0110646116368685
29.3960334697666	0.0120728632599353
29.4294001365882	0.0106818721141957
29.4627668034097	0.0105235590913264
29.4961334702312	0.0111612519346573
29.5295001370528	0.00954588338560796
29.5628668038743	0.0106199974927343
29.5962334706958	0.01081272364523
29.6296001375173	0.00865740111391464
29.6629668043389	0.0085296733808267
29.6963334711604	0.00785483573367826
29.7297001379819	0.0073921310485318
29.7630668048035	0.00418558278772637
29.796433471625	0.00467421298082618
29.8298001384465	0.00458061563498309
29.863166805268	0.0051189542510951
29.8965334720896	0.00580514892911075
29.9299001389111	0.00511488589461058
29.9632668057326	0.00836782887160888
29.9966334725542	0.00757496598108961
30.0300001393757	0.0095406893373904
30.0633668061972	0.00815065064623291
30.0967334730187	0.0110704627220964
30.1301001398403	0.0134749569318233
30.1634668066618	0.0120278794040673
30.1968334734833	0.0129910770027739
30.2302001403049	0.0122678604827774
30.2635668071264	0.0102669930001815
30.2969334739479	0.0146950021582776
30.3303001407694	0.0132771636157065
30.363666807591	0.0113437747069149
30.3970334744125	0.0120385735377143
30.430400141234	0.0106970331430468
30.4637668080556	0.00648245876931663
30.4971334748771	0.00907234842551757
30.5305001416986	0.00855643550471067
30.5638668085201	0.00693827157948588
30.5972334753417	0.00706862755556718
30.6306001421632	0.00761561849627589
30.6639668089847	0.00826214296204513
30.6973334758063	0.00841622009575834
30.7307001426278	0.00949381027158904
30.7640668094493	0.00873384287373958
30.7974334762708	0.0083866153213137
30.8308001430924	0.00757966636372602
30.8641668099139	0.00936114013734946
30.8975334767354	0.00844943925052704
30.930900143557	0.0133508725440759
30.9642668103785	0.0124262302021515
30.9976334772	0.0134963630834449
31.0310001440215	0.0114067780134057
31.0643668108431	0.0146984562090546
31.0977334776646	0.014403733261736
31.1311001444861	0.0133927973457526
31.1644668113077	0.0143120824769499
31.1978334781292	0.0119202668946814
31.2312001449507	0.0109398750890818
31.2645668117722	0.0112353686917702
31.2979334785938	0.0120675911174738
31.3313001454153	0.0114863315458071
31.3646668122368	0.0111316930105255
31.3980334790584	0.0113123946071559
31.4314001458799	0.0115164812957533
31.4647668127014	0.01282273419776
31.4981334795229	0.0103905576207533
31.5315001463445	0.0112280635017712
31.564866813166	0.0119842683582375
31.5982334799875	0.0121028060383413
31.6316001468091	0.0107606582792291
31.6649668136306	0.0110241318749405
31.6983334804521	0.0110763563044711
31.7317001472736	0.0119948278884031
31.7650668140952	0.01076099223564
31.7984334809167	0.0108199574446858
31.8318001477382	0.0135141809419981
31.8651668145598	0.0132137891149511
31.8985334813813	0.0133751463578439
31.9319001482028	0.0141424498191995
31.9652668150243	0.0138111104066026
31.9986334818459	0.0119036622861313
32.0320001486674	0.0119587836308977
32.0653668154889	0.0124655273808217
32.0987334823105	0.0121537458095096
32.132100149132	0.0127153960760761
32.1654668159535	0.0109996418919263
32.198833482775	0.0105608610886301
32.2322001495966	0.0132937893509348
32.2655668164181	0.0110360709303154
32.2989334832396	0.0104970624374714
32.3323001500612	0.0135062580477243
32.3656668168827	0.0113379326291967
32.3990334837042	0.0114240883903644
32.4324001505257	0.0122720912647882
32.4657668173473	0.0114428391260097
32.4991334841688	0.0143896567137055
32.5325001509903	0.0119294707113701
32.5658668178119	0.0130968099714294
32.5992334846334	0.0134526747280466
32.6326001514549	0.0107119674639236
32.6659668182764	0.0151774438080081
32.699333485098	0.0173267119559027
32.7327001519195	0.0144098107237377
32.766066818741	0.0171085117949623
32.7994334855626	0.0167916598016196
32.8328001523841	0.0172020151895984
32.8661668192056	0.0158691543715227
32.8995334860271	0.0162635148342985
32.9329001528487	0.0128448803777087
32.9662668196702	0.012014698925187
32.9996334864917	0.0104296748678696
33.0330001533133	0.0104153200991641
33.0663668201348	0.00606045710604641
33.0997334869563	0.00497189139709069
33.1331001537778	0.00681441282971816
33.1664668205994	0.00184333225695932
33.1998334874209	0.00413400621311515
33.2332001542424	0.00250519230712363
33.266566821064	0.00513729530193978
33.2999334878855	0.00706732513649386
33.333300154707	0.0113923020827231
33.3666668215285	0.0146691640484081
33.4000334883501	0.01712292968402
33.4334001551716	0.0133004798493386
33.4667668219931	0.0168174589494508
33.5001334888147	0.0150175689902347
33.5335001556362	0.0184445077691934
33.5668668224577	0.0194364678902385
33.6002334892792	0.0211818747187673
33.6336001561008	0.0178181884128247
33.6669668229223	0.0175104289666884
33.7003334897438	0.0182772031830109
33.7337001565654	0.014470573430323
33.7670668233869	0.0112080949175153
33.8004334902084	0.0106091048678568
33.8338001570299	0.0111678991198429
33.8671668238515	0.00837714672532872
33.900533490673	0.00881407232794123
33.9339001574945	0.00761795267420174
33.9672668243161	0.00907725380776494
34.0006334911376	0.0105895970624061
34.0340001579591	0.0125604829506826
34.0673668247806	0.0116363317512727
34.1007334916022	0.0122710328911568
34.1341001584237	0.0127915673931167
34.1674668252452	0.00774541961351039
34.2008334920668	0.0103794121208495
34.2342001588883	0.0103763949164724
34.2675668257098	0.0136687415154141
34.3009334925313	0.0110629292666102
34.3343001593529	0.0122392779439154
34.3676668261744	0.0147968314194761
34.4010334929959	0.0144859795664599
34.4344001598175	0.0152096924013161
34.467766826639	0.0166108363953022
34.5011334934605	0.0187289036588783
34.534500160282	0.0173695806305199
34.5678668271036	0.0210797153662992
34.6012334939251	0.0198131561584505
34.6346001607466	0.0189191814927256
34.6679668275682	0.0198378422857035
34.7013334943897	0.0152831404620323
34.7347001612112	0.0160963856326129
34.7680668280327	0.0148464935109302
34.8014334948543	0.011726817632005
34.8348001616758	0.0103513482425602
34.8681668284973	0.00738985463021088
34.9015334953189	0.00683846770793365
34.9349001621404	0.00937409808973747
34.9682668289619	0.0129799775600214
35.0016334957834	0.00852029077036324
35.035000162605	0.0134007491326939
35.0683668294265	0.00997962561072361
35.101733496248	0.013757638422197
35.1351001630696	0.012538036538574
35.1684668298911	0.0166287727410684
35.2018334967126	0.0170905661191494
35.2352001635341	0.0174997810772886
35.2685668303557	0.0167436767400064
35.3019334971772	0.0172826532975463
35.3353001639987	0.0158925245833613
35.3686668308203	0.0151941435608799
35.4020334976418	0.0136390323508597
35.4354001644633	0.0149162908412409
35.4687668312848	0.014854013387076
35.5021334981064	0.0108167154917111
35.5355001649279	0.0120969332164897
35.5688668317494	0.0106621089364913
35.602233498571	0.0125361913573367
35.6356001653925	0.0116594447920267
35.668966832214	0.0112072977806277
35.7023334990355	0.0114444305277435
35.7357001658571	0.0116236791707136
35.7690668326786	0.0126575784154323
35.8024334995001	0.0128226773011023
35.8358001663217	0.0123623392727449
35.8691668331432	0.0111298132884558
35.9025334999647	0.0125637793157833
35.9359001667862	0.0110527164132086
35.9692668336078	0.0114623793254466
36.0026335004293	0.012237886765402
36.0360001672508	0.015971276038384
36.0693668340724	0.0107727266576947
36.1027335008939	0.00988309044603557
36.1361001677154	0.0140134378740328
36.1694668345369	0.0112312472942804
36.2028335013585	0.0131269604777418
36.23620016818	0.0127072812678834
36.2695668350015	0.0132361430167003
36.3029335018231	0.0104154411154642
36.3363001686446	0.015060891334067
36.3696668354661	0.0143459796953123
36.4030335022876	0.0162116408271119
36.4364001691092	0.0106892152553985
36.4697668359307	0.0142058765533452
36.5031335027522	0.0117884406301015
36.5365001695738	0.0112012520942495
36.5698668363953	0.0120874055223189
36.6032335032168	0.00321286689689428
36.6366001700383	0.00266504641959725
36.6699668368599	0.00208502077443112
36.7033335036814	0.00657649331822964
36.7367001705029	0.00817305942488553
36.7700668373245	0.00726348459486849
36.803433504146	0.00695618619124271
36.8368001709675	0.0106597523571
36.870166837789	0.0108247754672854
36.9035335046106	0.0121974912867802
36.9369001714321	0.0126306056127989
36.9702668382536	0.013133268476658
37.0036335050752	0.0115148390275306
37.0370001718967	0.0162116481855459
37.0703668387182	0.0156545625049491
37.1037335055397	0.011318877362356
37.1371001723613	0.0133915213099689
37.1704668391828	0.013198143966306
37.2038335060043	0.0102355258486364
37.2372001728259	0.00640445151797337
37.2705668396474	0.00929268732966055
37.3039335064689	0.00691274087509158
37.3373001732904	0.00715392885977076
37.370666840112	0.0100770411420687
37.4040335069335	0.00515617399513169
37.437400173755	0.00669978068100993
37.4707668405766	0.0141782783144913
37.5041335073981	0.0203218566085663
37.5375001742196	0.0661290749901667
37.5708668410411	0.151903997122289
37.6042335078627	0.368794328299339
37.6376001746842	0.72835844418204
37.6709668415057	1.19074544804596
37.7043335083273	2.04485083387876
37.7377001751488	2.550583568327
37.7710668419703	3.61186302001561
37.8044335087918	4.60402321185744
37.8378001756134	5.50012115377428
37.8711668424349	6.28950024054056
37.9045335092564	6.839201199739
37.937900176078	7.18119507122823
37.9712668428995	7.33568386059368
38.004633509721	7.27801432468396
38.0380001765425	7.08388488214962
38.0713668433641	6.77083998614743
38.1047335101856	6.33389201937246
38.1381001770071	5.81580761283212
38.1714668438287	5.20444274087607
38.2048335106502	4.52016537305576
38.2382001774717	3.84270745202893
38.2715668442932	3.06545394285414
38.3049335111148	2.50550806248677
38.3383001779363	2.14799769387218
38.3716668447578	2.0177206545381
38.4050335115794	2.07866246752314
38.4384001784009	2.28786058925065
38.4717668452224	2.56069211443028
38.5051335120439	2.83514535985683
38.5385001788655	3.09664833324329
38.571866845687	3.38566513046881
38.6052335125085	3.6929210444971
38.6386001793301	4.03467916712866
38.6719668461516	4.35569769578207
38.7053335129731	4.62803248637263
38.7387001797946	4.81293569849064
38.7720668466162	4.89551840774195
38.8054335134377	4.86934327530483
38.8388001802592	4.77850048496375
38.8721668470808	4.66251318325976
38.9055335139023	4.5542305744782
38.9389001807238	4.4722493329202
38.9722668475453	4.38461980188089
39.0056335143669	4.25571387197842
39.0390001811884	4.09872619639978
39.0723668480099	3.88094400655316
39.1057335148314	3.67842508942867
39.139100181653	3.49708470906879
39.1724668484745	3.39403221680339
39.205833515296	3.37511891694283
39.2392001821176	3.40097056031409
39.2725668489391	3.47330166513065
39.3059335157606	3.53419914158298
39.3393001825822	3.57965986174745
39.3726668494037	3.6106821500193
39.4060335162252	3.63739262253927
39.4394001830467	3.67919484377009
39.4727668498683	3.75770826008532
39.5061335166898	3.84597991234649
39.5395001835113	3.94178778304193
39.5728668503329	4.02107381987125
39.6062335171544	4.05361226854856
39.6396001839759	4.06583201872425
39.6729668507974	4.05821492107874
39.706333517619	4.05005251585871
39.7397001844405	4.06373759987009
39.773066851262	4.09787894319077
39.8064335180836	4.14627575114752
39.8398001849051	4.17174088136188
39.8731668517266	4.15861906195425
39.9065335185481	4.11149175093067
39.9399001853697	4.03157356241154
39.9732668521912	3.95565299014036
40.0066335190127	3.89003059639377
40.0400001858343	3.85680447182153
40.0733668526558	3.82466589423762
40.1067335194773	3.79817345088794
40.1401001862988	3.72467666186052
40.1734668531204	3.64013056551226
40.2068335199419	3.55986362719242
40.2402001867634	3.4912867047138
40.273566853585	3.47534567350685
40.3069335204065	3.52698964165371
40.340300187228	3.62807259772971
40.3736668540495	3.76396303820977
40.4070335208711	3.88438702511755
40.4404001876926	3.98729776024666
40.4737668545141	4.04501483683174
40.5071335213357	4.05648764060968
40.5405001881572	4.03916867857554
40.5738668549787	4.01366290331393
40.6072335218002	4.00520193527536
40.6406001886218	3.98994571053239
40.6739668554433	3.96530311724573
40.7073335222648	3.94447730612574
40.7407001890864	3.91619773469146
40.7740668559079	3.87121206265627
40.8074335227294	3.8347560865944
40.8408001895509	3.82246172458071
40.8741668563725	3.82669308289186
40.907533523194	3.83252424868506
40.9409001900155	3.83201432061243
40.974266856837	3.82180317865896
41.0076335236586	3.81504101663066
41.0410001904801	3.80176568343514
41.0743668573016	3.79196211395679
41.1077335241232	3.80665875144607
41.1411001909447	3.81836955825039
41.1744668577662	3.8509905608877
41.2078335245877	3.85303882521766
41.2412001914093	3.85429087409874
41.2745668582308	3.81720537685464
41.3079335250523	3.77311104094797
41.3413001918739	3.71208800648942
41.3746668586954	3.66292318994382
41.4080335255169	3.64519261493432
41.4414001923384	3.65317448474169
41.47476685916	3.6770231846334
41.5081335259815	3.74410200037501
41.541500192803	3.79643020487738
41.5748668596246	3.84604800113325
41.6082335264461	3.88325077163186
41.6416001932676	3.90027749870602
41.6749668600891	3.90951207087693
41.7083335269107	3.91565579145615
41.7417001937322	3.91697313339776
41.7750668605537	3.91542099543268
41.8084335273753	3.91079313357662
41.8418001941968	3.88579997846417
41.8751668610183	3.85505590897268
41.9085335278399	3.81108080766329
41.9419001946614	3.77260275348941
41.9752668614829	3.74972057944915
42.0086335283044	3.7459972012801
42.042000195126	3.75281976774159
42.0753668619475	3.77840786638788
42.108733528769	3.79460098010759
42.1421001955906	3.82817948095253
42.1754668624121	3.88731498288871
42.2088335292336	3.96575049343723
42.2422001960551	4.06395462892161
42.2755668628767	4.18095621358692
42.3089335296982	4.26448193417239
42.3423001965197	4.31866418780146
42.3756668633413	4.32834080275852
42.4090335301628	4.26628200420811
42.4424001969843	4.16965427925841
42.4757668638058	4.03656189684691
42.5091335306274	3.88793559997972
42.5425001974489	3.77191228908421
42.5758668642704	3.66083072179467
42.609233531092	3.57625066096617
42.6426001979135	3.50817963861961
42.675966864735	3.45838816343551
42.7093335315565	3.41796198753485
42.7427001983781	3.41063710800477
42.7760668651996	3.44555637747602
42.8094335320211	3.51082834235659
42.8428001988426	3.62779084299275
42.8761668656642	3.74922952246426
42.9095335324857	3.89631785106968
42.9429001993072	4.01852028576872
42.9762668661288	4.11046173708428
43.0096335329503	4.18508576568662
43.0430001997718	4.2079626858147
43.0763668665933	4.19621907043132
43.1097335334149	4.14281629726924
43.1431002002364	4.06054405864722
43.1764668670579	3.96006201455164
43.2098335338795	3.84857526207626
43.243200200701	3.76511389949046
43.2765668675225	3.68807634580475
43.309933534344	3.653199676401
43.3433002011656	3.64610010805896
43.3766668679871	3.64963650054297
43.4100335348086	3.67251440323111
43.4434002016302	3.69582388494293
43.4767668684517	3.74040163321694
43.5101335352732	3.77744316326071
43.5435002020947	3.8041510577915
43.5768668689163	3.82209502128257
43.6102335357378	3.83418664974703
43.6436002025593	3.84603818041606
43.6769668693809	3.86496978566359
43.7103335362024	3.88386683055057
43.7437002030239	3.90179586166418
43.7770668698454	3.91022514344905
43.810433536667	3.91915273229131
43.8438002034885	3.93312120377232
43.87716687031	3.95152067905096
43.9105335371316	3.95682503083633
43.9439002039531	3.95969221383702
43.9772668707746	3.94424529422982
44.0106335375961	3.90231225887566
44.0440002044177	3.83373129743003
44.0773668712392	3.75352511456156
44.1107335380607	3.66044591147093
44.1441002048823	3.57763748808244
44.1774668717038	3.51904028823568
44.2108335385253	3.49228102494442
44.2442002053468	3.50546717352579
44.2775668721684	3.54576672517001
44.3109335389899	3.61695505943355
44.3443002058114	3.70419084310056
44.377666872633	3.7899943146201
44.4110335394545	3.87533929121006
44.444400206276	3.96357226015092
44.4777668730976	4.0479589390219
44.5111335399191	4.12670539061304
44.5445002067406	4.1919035543131
44.5778668735621	4.22589409945738
44.6112335403837	4.23219992516941
44.6446002072052	4.21025071193059
44.6779668740267	4.1551027900732
44.7113335408482	4.06848222165392
44.7447002076698	3.98349726726202
44.7780668744913	3.8938959985672
44.8114335413128	3.81773314781126
44.8448002081344	3.7537088654923
44.8781668749559	3.70564284575565
44.9115335417774	3.66783348402884
44.9449002085989	3.6460501333243
44.9782668754205	3.62645718439296
45.011633542242	3.61577537903459
45.0450002090635	3.61664365725283
45.0783668758851	3.61903634039962
45.1117335427066	3.62894793612313
45.1451002095281	3.66142433727424
45.1784668763496	3.69156255454105
45.2118335431712	3.74640760857343
45.2452002099927	3.80176983930476
45.2785668768142	3.86359428530431
45.3119335436358	3.93160888024732
45.3453002104573	4.01027138756434
45.3786668772788	4.06531848094695
45.4120335441003	4.11559936082765
45.4454002109219	4.13410879499562
45.4787668777434	4.12572070455241
45.5121335445649	4.08781206959437
45.5455002113865	4.04299141384248
45.578866878208	3.98089431329357
45.6122335450295	3.92499525819241
45.645600211851	3.86164475922536
45.6789668786726	3.81306670559574
45.7123335454941	3.77024494439723
45.7457002123156	3.73074746900528
45.7790668791372	3.69547471391619
45.8124335459587	3.68651659539662
45.8458002127802	3.68528170096849
45.8791668796017	3.72847968733308
45.9125335464233	3.79426883572625
45.9459002132448	3.86218946112822
45.9792668800663	3.93257001202386
46.0126335468879	3.9941593190155
46.0460002137094	4.02942657474118
46.0793668805309	4.03750672967497
46.1127335473524	4.0340631783352
46.146100214174	4.01068237884852
46.1794668809955	3.98544539553001
46.212833547817	3.96113769520234
46.2462002146386	3.93026373545717
46.2795668814601	3.90973426983649
46.3129335482816	3.88266155664098
46.3463002151031	3.84411469890813
46.3796668819247	3.79756531965389
46.4130335487462	3.73917842960347
46.4464002155677	3.68816944398765
46.4797668823893	3.64545300104984
46.5131335492108	3.61768574412184
46.5465002160323	3.62028596071923
46.5798668828538	3.65317682584167
46.6132335496754	3.71216442822675
46.6466002164969	3.80010213206337
46.6799668833184	3.8988277155062
46.71333355014	3.98808342042182
46.7467002169615	4.0578563394327
46.780066883783	4.12294798340564
46.8134335506045	4.14471454102236
46.8468002174261	4.15479198618151
46.8801668842476	4.14688602528998
46.9135335510691	4.08089850971441
46.9469002178907	4.00216483567915
46.9802668847122	3.92939222623647
47.0136335515337	3.83863282182132
47.0470002183552	3.7692527963986
47.0803668851768	3.7121431671481
47.1137335519983	3.67006176805243
47.1471002188198	3.65151559591401
47.1804668856414	3.65264052906583
47.2138335524629	3.66544562134749
47.2472002192844	3.67509310205011
47.2805668861059	3.67802458272876
47.3139335529275	3.67089493068435
47.347300219749	3.66164412480489
47.3806668865705	3.652869325341
47.4140335533921	3.65436354330267
47.4474002202136	3.5984824869611
47.4807668870351	3.3848376000406
47.5141335538566	2.98184747264536
47.5475002206782	2.33186069767773
47.5808668874997	1.47005533770604
47.6142335543212	0.999414665554873
47.6476002211428	NaN
47.6809668879643	NaN
47.7143335547858	-1.94861664822549
47.7477002216073	-3.07924461564422
47.7810668884289	-3.65966987417214
47.8144335552504	-4.14708338327394
47.8478002220719	-4.52537750199186
47.8811668888935	-4.6685642089445
47.914533555715	-4.53145232481053
47.9479002225365	-4.14971301659404
47.981266889358	NaN
48.0146335561796	NaN
48.0480002230011	NaN
48.0813668898226	NaN
48.1147335566442	0.840420543925791
48.1481002234657	1.65469952704774
48.1814668902872	2.98769182195978
48.2148335571087	3.5542254849306
48.2482002239303	4.06653677435706
48.2815668907518	4.33834336896424
48.3149335575733	4.3803814716475
48.3483002243949	4.17467428813972
48.3816668912164	3.70460562378087
48.4150335580379	2.91761839882442
48.4484002248594	2.35575561151211
48.481766891681	NaN
48.5151335585025	0.184915250992869
48.548500225324	NaN
48.5818668921456	-2.40576294483619
48.6152335589671	-2.94214501080704
48.6486002257886	-3.64221533820801
48.6819668926101	-3.99557005954636
48.7153335594317	-4.10977629978422
48.7487002262532	-3.96977305037306
48.7820668930747	-3.55690583254573
48.8154335598963	-3.10639767269502
48.8488002267178	NaN
48.8821668935393	NaN
48.9155335603608	0.068053361244174
48.9489002271824	0.795309571072839
48.9822668940039	1.4294358606629
49.0156335608254	1.98476958780983
49.049000227647	2.46812388274041
49.0823668944685	2.78934722374987
49.11573356129	2.94607583688976
49.1491002281115	2.92857787870715
49.1824668949331	2.76174870802345
49.2158335617546	2.40681138665052
49.2492002285761	1.93559987112311
49.2825668953977	1.37480542188728
49.3159335622192	0.720413194984966
49.3493002290407	-0.103317480376939
49.3826668958622	-0.679767277426083
49.4160335626838	-1.2759952083291
49.4494002295053	-1.81997952826797
49.4827668963268	-2.26551354366903
49.5161335631484	-2.53993368486829
49.5495002299699	-2.65557142415482
49.5828668967914	-2.61879062107524
49.6162335636129	-2.41609451941218
49.6496002304345	-2.06085720518985
49.682966897256	-1.59012643834806
49.7163335640775	-1.03234144075055
49.7497002308991	-0.389397633311851
49.7830668977206	0.20876749736157
49.8164335645421	0.789209655213806
49.8498002313636	1.2397192516871
49.8831668981852	1.66157620319831
49.9165335650067	1.95109997250496
49.9499002318282	2.11397395916448
49.9832668986498	2.16349236037116
50.0166335654713	2.08481024487484
50.0500002322928	1.86263130153561
50.0833668991143	1.51103349344712
50.1167335659359	1.09656017402014
50.1501002327574	0.577634741761976
50.1834668995789	0.047892549448516
50.2168335664005	-0.456220807986129
50.250200233222	-0.9591484666334
50.2835669000435	-1.36395348127684
50.316933566865	-1.67694941394676
50.3503002336866	-1.89675407074058
50.3836669005081	-1.99476911545066
50.4170335673296	-1.96453608637483
50.4504002341512	-1.79824150045218
50.4837669009727	-1.53395918745047
50.5171335677942	-1.15959068261766
50.5505002346157	-0.728402894036382
50.5838669014373	-0.272384454384934
50.6172335682588	0.166468224189308
50.6506002350803	0.608491020573267
50.6839669019019	0.956939666644012
50.7173335687234	1.24285335949815
50.7507002355449	1.45620489217388
50.7840669023664	1.57134778437427
50.817433569188	1.59981137226444
50.8508002360095	1.52062721678137
50.884166902831	1.35562076715591
50.9175335696526	1.11085759922987
50.9509002364741	0.789126836152005
50.9842669032956	0.415092490009526
51.0176335701171	0.0323041483987587
51.0510002369387	-0.328337269446764
51.0843669037602	-0.679566875063574
51.1177335705817	-0.97806362324524
51.1511002374033	-1.19992641119218
51.1844669042248	-1.38172982118438
51.2178335710463	-1.44855072151319
51.2512002378678	-1.43847019633452
51.2845669046894	-1.333909364739
51.3179335715109	-1.13906857054193
51.3513002383324	-0.880715791090627
51.384666905154	-0.567410502658311
51.4180335719755	-0.228124052505947
51.451400238797	0.106951082087708
51.4847669056185	0.424532661650519
51.5181335724401	0.685222691312076
51.5515002392616	0.906910236328512
51.5848669060831	1.06862064018977
51.6182335729047	1.16755266094311
51.6516002397262	1.19163973928864
51.6849669065477	1.14402629933089
51.7183335733692	1.01690996467403
51.7517002401908	0.836577455588415
51.7850669070123	0.584973410662156
51.8184335738338	0.319670227560077
51.8518002406554	0.0255244039802969
51.8851669074769	-0.250139017049064
51.9185335742984	-0.518219489030938
51.9519002411199	-0.74381157464635
51.9852669079415	-0.915262683848524
52.018633574763	-1.03355623837427
52.0520002415845	-1.08941202208124
52.0853669084061	-1.07459382152432
52.1187335752276	-0.999121874725588
52.1521002420491	-0.848152233040084
52.1854669088706	-0.655005277350051
52.2188335756922	-0.420122804881349
52.2522002425137	-0.170808242321705
52.2855669093352	0.0722277505206216
52.3189335761568	0.308071780114656
52.3523002429783	0.514960807666761
52.3856669097998	0.682585971762962
52.4190335766213	0.789279756809503
52.4524002434429	0.864656795364849
52.4857669102644	0.885443242516991
52.5191335770859	0.846558315241398
52.5525002439075	0.7582352605788
52.585866910729	0.612509677553766
52.6192335775505	0.441114877478422
52.652600244372	0.236890532270171
52.6859669111936	0.0103053471355967
52.7193335780151	-0.184219820431962
52.7527002448366	-0.381617125244467
52.7860669116582	-0.538877535668851
52.8194335784797	-0.674553547785792
52.8528002453012	-0.760515933906885
52.8861669121227	-0.803077537163773
52.9195335789443	-0.80361645930795
52.9529002457658	-0.738784974244846
52.9862669125873	-0.637591753186916
53.0196335794089	-0.499065453930817
53.0530002462304	-0.320925622222697
53.0863669130519	-0.134677657934889
53.1197335798734	0.0464058118913756
53.153100246695	0.218591068852815
53.1864669135165	0.373352926029085
53.219833580338	0.500372764770071
53.2532002471596	0.589644302008838
53.2865669139811	0.64029818001566
53.3199335808026	0.657245063235792
53.3533002476241	0.62794262811176
53.3866669144457	0.553310110247015
53.4200335812672	0.461591462857282
53.4534002480887	0.318991277680807
53.4867669149103	0.173177242711887
53.5201335817318	0.00722083974169146
53.5535002485533	-0.14832724772574
53.5868669153748	-0.288995402913617
53.6202335821964	-0.414721988450508
53.6536002490179	-0.507428377128457
53.6869669158394	-0.570010726601908
53.720333582661	-0.602832957041421
53.7537002494825	-0.595777932285575
53.787066916304	-0.551955567692227
53.8204335831255	-0.477368144184472
53.8538002499471	-0.376570789670128
53.8871669167686	-0.248350174819276
53.9205335835901	-0.110199419483618
53.9539002504117	0.0308819202614322
53.9872669172332	0.155772574501324
54.0206335840547	0.272420962087142
54.0540002508762	0.356785140120327
54.0873669176978	0.426218219171783
54.1207335845193	0.473075057364102
54.1541002513408	0.481987014392483
54.1874669181624	0.464900940953665
54.2208335849839	0.411522387279442
54.2542002518054	0.334831481336845
54.2875669186269	0.238897247704521
54.3209335854485	0.12675556448641
54.35430025227	0.00680320444845859
54.3876669190915	-0.109466232441733
54.4210335859131	-0.218975307650751
54.4544002527346	-0.3080428314124
54.4877669195561	-0.379050083060134
54.5211335863776	-0.419419275676956
54.5545002531992	-0.45027757317509
54.5878669200207	-0.453772229073284
54.6212335868422	-0.416052130126926
54.6546002536638	-0.36457076940885
54.6879669204853	-0.28056198062964
54.7213335873068	-0.179993136799416
54.7547002541283	-0.0917772549905349
54.7880669209499	0.0126499026027882
54.8214335877714	0.108157602593439
54.8548002545929	0.202801572132382
54.8881669214145	0.264251484686938
54.921533588236	0.313497944250584
54.9549002550575	0.348755166532236
54.988266921879	0.356878262073341
55.0216335887006	0.346824683263285
55.0550002555221	0.302009420509923
55.0883669223436	0.246847091187602
55.1217335891652	0.173265536926815
55.1551002559867	0.0935977613644909
55.1884669228082	0.0010335288293753
55.2218335896297	-0.0883874252175581
55.2552002564513	-0.157785587120343
55.2885669232728	-0.224452523765169
55.3219335900943	-0.27970758092838
55.3553002569159	-0.316844010186712
55.3886669237374	-0.336243310869181
55.4220335905589	-0.335595557104565
55.4554002573804	-0.314629012322969
55.488766924202	-0.278080520730017
55.5221335910235	-0.21847398148568
55.555500257845	-0.146887771995017
55.5888669246666	-0.0710268639309514
55.6222335914881	0.00372769893825279
55.6556002583096	0.0847421079908398
55.6889669251311	0.13926198204593
55.7223335919527	0.187176442827921
55.7557002587742	0.224572876195249
55.7890669255957	0.249628080084026
55.8224335924173	0.257086715128769
55.8558002592388	0.252994406311742
55.8891669260603	0.222259538871807
55.9225335928818	0.174641466173571
55.9559002597034	0.124335513119278
55.9892669265249	0.0552598735788941
56.0226335933464	-0.00219925817394767
56.0560002601679	-0.0765620627809798
56.0893669269895	-0.128151450277186
56.122733593811	-0.178306618574295
56.1561002606325	-0.216447376949957
56.1894669274541	-0.245931834200877
56.2228335942756	-0.259791305067782
56.2562002610971	-0.255526204097517
56.2895669279186	-0.247284229406742
56.3229335947402	-0.217244139444769
56.3563002615617	-0.168117545357945
56.3896669283832	-0.11757384380378
56.4230335952048	-0.0585886609587201
56.4564002620263	-0.00268034966373818
56.4897669288478	0.0558790419311471
56.5231335956693	0.105010636847564
56.5565002624909	0.140498832987382
56.5898669293124	0.167037905460714
56.6232335961339	0.181465901275558
56.6566002629555	0.191768023023328
56.689966929777	0.182847463093405
56.7233335965985	0.167154245602951
56.7567002634201	0.134819929502127
56.7900669302416	0.0888392237773398
56.8234335970631	0.0434672518335897
56.8568002638846	-0.00427664623664644
56.8901669307062	-0.0518204164474027
56.9235335975277	-0.0993907112781776
56.9569002643492	-0.133919750556187
56.9902669311708	-0.153411813827819
57.0236335979923	-0.180009909331826
57.0570002648138	-0.191549524732493
57.0903669316353	-0.192354589385827
57.1237335984569	-0.179859246246493
57.1571002652784	-0.155489041764844
57.1904669320999	-0.12335759242361
57.2238335989215	-0.0832288735944648
57.257200265743	-0.0383707279269442
57.2905669325645	-0.0088407065992434
57.323933599386	0.031762601671567
57.3573002662076	0.0647281431331336
57.3906669330291	0.0990741546742925
57.4240335998506	0.120355884828916
57.4574002666722	0.130970487741486
57.4907669334937	0.13511977940113
57.5241336003152	0.131227303777105
57.5575002671367	0.118055687232816
57.5908669339583	0.099347291369791
57.6242336007798	0.0694334364365375
57.6576002676013	0.0327151620594355
57.6909669344229	-0.00721122153628409
57.7243336012444	-0.044620826971984
57.7577002680659	-0.0760908034882434
57.7910669348874	-0.109196745905336
57.824433601709	-0.121092510506438
57.8578002685305	-0.143384848266477
57.891166935352	-0.144764445882893
57.9245336021735	-0.150594861116427
57.9579002689951	-0.146936906599146
57.9912669358166	-0.126047601428689
58.0246336026381	-0.108814457733337
58.0580002694597	-0.0709904090434074
58.0913669362812	-0.0436961529486175
58.1247336031027	-0.0113018813580681
58.1581002699242	0.0179667875380158
58.1914669367458	0.0408528335245693
58.2248336035673	0.0694713598803993
58.2582002703888	0.0836879225146715
58.2915669372104	0.0945751804345935
58.3249336040319	0.0957062436547458
58.3583002708534	0.0942597365365851
58.3916669376749	0.0832707313945561
58.4250336044965	0.063124619013249
58.458400271318	0.0407103360621707
58.4917669381395	0.0160673015823141
58.5251336049611	-0.00988568375923727
58.5585002717826	-0.0350013589817253
58.5918669386041	-0.0614954781943994
58.6252336054256	-0.0855847984851709
58.6586002722472	-0.101127830644759
58.6919669390687	-0.112417326310953
58.7253336058902	-0.12435528027638
58.7587002727118	-0.118305455346484
58.7920669395333	-0.114580512886978
58.8254336063548	-0.0936319582870634
58.8588002731763	-0.0795034554180219
58.8921669399979	-0.0577996564945177
58.9255336068194	-0.0262609888994038
58.9589002736409	-0.0122778913166327
58.9922669404625	0.0135742675116588
59.025633607284	0.0316811279016067
59.0590002741055	0.0484401578955337
59.0923669409271	0.0632731965285328
59.1257336077486	0.0705552572662112
59.1591002745701	0.0718391088864055
59.1924669413916	0.0674430496887935
59.2258336082132	0.0578974884262162
59.2592002750347	0.049192004574043
59.2925669418562	0.0236240132257781
59.3259336086778	0.0111342695026491
59.3593002754993	-0.00566579907725514
59.3926669423208	-0.0257768564090197
59.4260336091423	-0.0443369303783206
59.4594002759639	-0.0606063743436326
59.4927669427854	-0.0748552719494491
59.5261336096069	-0.0841252665455912
59.5595002764285	-0.0931644439126894
59.59286694325	-0.0895515806431922
59.6262336100715	-0.0916558809934038
59.659600276893	-0.0742333304034452
59.6929669437146	-0.0617226623138089
59.7263336105361	-0.0458523925570184
59.7597002773576	-0.028688639905693
59.7930669441791	-0.0132121216991128
59.8264336110007	0.00025598833889985
59.8598002778222	0.0158884616732618
59.8931669446437	0.0235006709400576
59.9265336114653	0.035879697044284
59.9599002782868	0.0424967859336282
59.9932669451083	0.0468028127170305
60.0266336119298	0.0430517148364793
60.0600002787514	0.0398454244459526
60.0933669455729	0.0258762663205833
60.1267336123944	0.0188371907189139
60.160100279216	0.00426584985471171
60.1934669460375	-0.00507494514496782
60.226833612859	-0.0192090198757647
60.2602002796805	-0.037990057043772
60.2935669465021	-0.0508577010426258
60.3269336133236	-0.0606440550050862
60.3603002801451	-0.0661473198490473
60.3936669469667	-0.0710550793430621
60.4270336137882	-0.0698317301575628
60.4604002806097	-0.0685491876974851
60.4937669474312	-0.0564494136823991
60.5271336142528	-0.0490275565993736
60.5605002810743	-0.0372287466922804
60.5938669478958	-0.0224348379510126
60.6272336147174	-0.0125739666885414
60.6606002815389	-0.00168596577754467
60.6939669483604	0.0108097141481365
60.7273336151819	0.0176903278548434
60.7607002820035	0.0248541088382907
60.794066948825	0.0250771065141419
60.8274336156465	0.0240384286165555
60.8608002824681	0.0266594868983415
60.8941669492896	0.0211941926177416
60.9275336161111	0.0189701957285325
60.9609002829326	0.0133097757306007
60.9942669497542	0.00132255766004174
61.0276336165757	-0.0103191158365401
61.0610002833972	-0.0223348301770161
61.0943669502188	-0.031619404754289
61.1277336170403	-0.0475788594181877
61.1611002838618	-0.0514204741065821
61.1944669506833	-0.0556314731414256
61.2278336175049	-0.0562465207969075
61.2612002843264	-0.0581698277368006
61.2945669511479	-0.0542723503471754
61.3279336179695	-0.050471677074486
61.361300284791	-0.0458732286749986
61.3946669516125	-0.0314758409317308
61.428033618434	-0.0238561694883836
61.4614002852556	-0.017195398576884
61.4947669520771	-0.012425180921105
61.5281336188986	-0.00335311583634259
61.5615002857202	0.00596497198174932
61.5948669525417	0.0133965142806539
61.6282336193632	0.012929207778877
61.6616002861848	0.0173053416366503
61.6949669530063	0.0171315508689532
61.7283336198278	0.0138732937383215
61.7617002866493	0.0108737956981096
61.7950669534709	0.00392313088875536
61.8284336202924	-0.00743084561134273
61.8618002871139	-0.0145255727097854
61.8951669539354	-0.016580478168935
61.928533620757	-0.0218642651888537
61.9619002875785	-0.0329056987582855
61.9952669544	-0.0402945950442994
62.0286336212216	-0.0428370010938937
62.0620002880431	-0.0467502607958237
62.0953669548646	-0.0526829660785597
62.1287336216861	-0.0510182197013382
62.1621002885077	-0.0504564596348089
62.1954669553292	-0.0410268854930204
62.2288336221507	-0.0405024762183655
62.2622002889723	-0.0297906802096088
62.2955669557938	-0.0221334230119083
62.3289336226153	-0.0159530078125598
62.3623002894368	-0.0148320054531939
62.3956669562584	-0.00821483994281743
62.4290336230799	-0.00259672158596178
62.4624002899014	-0.000744810047708881
62.495766956723	0.00339322445791956
62.5291336235445	0.00598088985612119
62.562500290366	0.00295993376794731
62.5958669571875	-0.00107830730662258
62.6292336240091	-0.0073139063792747
62.6626002908306	-0.0108550080582277
62.6959669576521	-0.0137223144242855
62.7293336244737	-0.0161935001841117
62.7627002912952	-0.0230399211247696
62.7960669581167	-0.029690305213666
62.8294336249382	-0.0320238444989515
62.8628002917598	-0.0373871594613757
62.8961669585813	-0.0359460662579078
62.9295336254028	-0.038796074017651
62.9629002922244	-0.0379392844703469
62.9962669590459	-0.0322401249315379
63.0296336258674	-0.0327042747719141
63.0630002926889	-0.0225550713447499
63.0963669595105	-0.010673564837535
63.129733626332	-0.0150892983425199
63.1631002931535	-0.0141672238889357
63.1964669599751	-0.0076205800019285
63.2298336267966	-0.00220434487696763
63.2632002936181	-0.0021761617790029
63.2965669604396	0.00276499618566572
63.3299336272612	-0.00136531544715684
63.3633002940827	0.00249870863673269
63.3966669609042	-0.001073110979984
63.4300336277258	-0.00223686596965105
63.4634002945473	-0.00750059532989149
63.4967669613688	-0.00929641821370465
63.5301336281903	-0.016078645590184
63.5635002950119	-0.0212320184063373
63.5968669618334	-0.0218527388399628
63.6302336286549	-0.0222052347920702
63.6636002954765	-0.0269475671090753
63.696966962298	-0.0290824473807274
63.7303336291195	-0.029439130937865
63.763700295941	-0.0304924117356582
63.7970669627626	-0.0296923770050772
63.8304336295841	-0.0296886892759838
63.8638002964056	-0.0281729866061938
63.8971669632272	-0.0257964472292899
63.9305336300487	-0.0196025590764267
63.9639002968702	-0.0199442771352105
63.9972669636917	-0.0135708662306336
64.0306336305133	-0.0127910403545261
64.0640002973348	-0.0095906827175834
64.0973669641563	-0.0065331981314927
64.1307336309779	-0.00567875193198678
64.1641002977994	-0.00631669709893654
64.1974669646209	-0.00631378824194124
64.2308336314425	-0.00639850335223119
64.264200298264	-0.0111637892304431
64.2975669650855	-0.0132789242993649
64.330933631907	-0.0135107991264993
64.3643002987286	-0.0155788513781356
64.3976669655501	-0.0187299889592303
64.4310336323716	-0.0234985506615528
64.4644002991931	-0.0279101995074489
64.4977669660147	-0.0296698482194397
64.5311336328362	-0.0322588122962938
64.5645002996577	-0.0287247570340536
64.5978669664793	-0.0302057577863454
64.6312336333008	-0.0269828851340812
64.6646003001223	-0.0215477576593404
64.6979669669438	-0.0283610680344723
64.7313336337654	-0.0198090764049885
64.7647003005869	-0.021634979279068
64.7980669674084	-0.021303669625684
64.83143363423	-0.0154040330962237
64.8648003010515	-0.0134419035444602
64.898166967873	-0.0141677869188094
64.9315336346945	-0.0139009373586885
64.9649003015161	-0.0108039982079016
64.9982669683376	-0.00881279103536622
65.0316336351591	-0.00841520108654858
65.0650003019807	-0.0104274416311833
65.0983669688022	-0.00761757758779866
65.1317336356237	-0.0124698156661113
65.1651003024452	-0.0110639396910027
65.1984669692668	-0.0134239066264623
65.2318336360883	-0.0172188284723172
65.2652003029098	-0.0186630135727923
65.2985669697314	-0.0213592152205192
65.3319336365529	-0.0210226695746138
65.3653003033744	-0.019768644025448
65.3986669701959	-0.0184608215258491
65.4320336370175	-0.0228289568669304
65.465400303839	-0.0221240078176418
65.4987669706605	-0.0202669000655669
65.5321336374821	-0.0177087624642708
65.5655003043036	-0.0176047496739271
65.5988669711251	-0.0172989985241186
65.6322336379466	-0.00884576934312125
65.6656003047682	-0.0120057881644815
65.6989669715897	-0.0117106782664759
65.7323336384112	-0.00986942864555031
65.7657003052328	-0.0109808450047695
65.7990669720543	-0.012529289840559
65.8324336388758	-0.0119956870951769
65.8658003056973	-0.0116312668142608
65.8991669725189	-0.0134068550324377
65.9325336393404	-0.00951514139863449
65.9659003061619	-0.00944772588199584
65.9992669729835	-0.0103718389475493
66.032633639805	-0.0126233755416299
66.0660003066265	-0.0147932975968881
66.099366973448	-0.0172642963788378
66.1327336402696	-0.0172066531474254
66.1661003070911	-0.0189703907559696
66.1994669739126	-0.0164448480949279
66.2328336407342	-0.0208057040167526
66.2662003075557	-0.0217583508027392
66.2995669743772	-0.0221643225520387
66.3329336411987	-0.0214315633590063
66.3663003080203	-0.022528765984164
66.3996669748418	-0.0213576806598606
66.4330336416633	-0.0193452432267204
66.4664003084849	-0.0179462062894182
66.4997669753064	-0.0175409924124244
66.5331336421279	-0.0173144361884474
66.5665003089494	-0.0157517637189038
66.599866975771	-0.0137751237284148
66.6332336425925	-0.0130965970910164
66.666600309414	-0.0132179720584944
66.6999669762356	-0.0120350048824587
66.7333336430571	-0.00927274752183045
66.7667003098786	-0.0088834012199407
66.8000669767001	-0.0105295716569009
66.8334336435217	-0.0105123206779504
66.8668003103432	-0.015391698120268
66.9001669771647	-0.0154925453839926
66.9335336439863	-0.018453353710969
66.9669003108078	-0.0197523261791731
67.0002669776293	-0.0203329687337035
67.0336336444508	-0.022819247296166
67.0670003112724	-0.01937060282894
67.1003669780939	-0.019894192863219
67.1337336449154	-0.0213668452067948
67.167100311737	-0.021661921240888
67.2004669785585	-0.022300991489648
67.23383364538	-0.0229469838288258
67.2672003122015	-0.0149246078146596
67.3005669790231	-0.011315456553017
67.3339336458446	-0.0126663838919363
67.3673003126661	-0.0145558793233718
67.4006669794877	-0.0153305213030982
67.4340336463092	-0.0127481106355344
67.4674003131307	-0.0150945878468872
67.5007669799522	-0.0129126777459166
67.5341336467738	-0.0118863324196318
67.5675003135953	-0.0115644135090192
67.6008669804168	-0.0112942774450612
67.6342336472384	-0.00986393594267873
67.6676003140599	-0.00983055074948117
67.7009669808814	-0.010993112096954
67.7343336477029	-0.0121561653352408
67.7677003145245	-0.0110111400325461
67.801066981346	-0.0116022764589024
67.8344336481675	-0.0122332597053598
67.8678003149891	-0.0121923520169636
67.9011669818106	-0.0173326016337562
67.9345336486321	-0.0143690280884374
67.9679003154536	-0.0138700068256395
68.0012669822752	-0.0154224069949107
68.0346336490967	-0.015010059961672
68.0680003159182	-0.0132674985710724
68.1013669827398	-0.0163998235997179
68.1347336495613	-0.0189282179702982
68.1681003163828	-0.0165275496129146
68.2014669832043	-0.0163799674981598
68.2348336500259	-0.0138091751088015
68.2682003168474	-0.0116741880206347
68.3015669836689	-0.0109714693792846
68.3349336504905	-0.0131615646525473
68.368300317312	-0.0141244882798627
68.4016669841335	-0.0135905790036549
68.435033650955	-0.00810646923261762
68.4684003177766	-0.00792244602933929
68.5017669845981	-0.008128322920671
68.5351336514196	-0.00698452118322794
68.5685003182411	-0.0148245533353709
68.6018669850627	-0.0172089341061286
68.6352336518842	-0.0164380786193245
68.6686003187057	-0.0191670594227427
68.7019669855273	-0.0178930993578767
68.7353336523488	-0.0186175206227828
68.7687003191703	-0.0191446410644158
68.8020669859919	-0.0166584549803885
68.8354336528134	-0.0132315684891509
68.8688003196349	-0.0129601846179812
68.9021669864564	-0.012953706005019
68.935533653278	-0.0100862790273101
68.9689003200995	-0.0114836994440861
69.002266986921	-0.00817692935804041
69.0356336537426	-0.00919645942822842
69.0690003205641	-0.0097205415282123
69.1023669873856	-0.0129652151797211
69.1357336542071	-0.0112371798656834
69.1691003210287	-0.0105873207237127
69.2024669878502	-0.011641631010453
69.2358336546717	-0.0116723808904223
69.2692003214933	-0.0131645770597827
69.3025669883148	-0.00933520054989404
69.3359336551363	-0.0119191052769097
69.3693003219578	-0.0124169904892093
69.4026669887794	-0.0141325004904352
69.4360336556009	-0.0122651613959132
69.4694003224224	-0.0130982183497604
69.502766989244	-0.0126684934399793
69.5361336560655	-0.0138113088620273
69.569500322887	-0.016529786548883
69.6028669897085	-0.0145831697200059
69.6362336565301	-0.0143239664189535
69.6696003233516	-0.0138738993620725
69.7029669901731	-0.014306259680512
69.7363336569947	-0.0147106812077663
69.7697003238162	-0.013871656042198
69.8030669906377	-0.0130571052402337
69.8364336574592	-0.0128677597495404
69.8698003242808	-0.0111327471206562
69.9031669911023	-0.0147667692550148
69.9365336579238	-0.0134203742704263
69.9699003247454	-0.0125534209036474
70.0032669915669	-0.0119340539391596
70.0366336583884	-0.00960056166128789
70.0700003252099	-0.0118403953116345
70.1033669920315	-0.0145753278836107
70.136733658853	-0.0123640231804979
70.1701003256745	-0.0114745007494125
70.2034669924961	-0.0112189796326984
70.2368336593176	-0.0113694918987789
70.2702003261391	-0.0118264512550327
70.3035669929606	-0.012434963317978
70.3369336597822	-0.0136876749790107
70.3703003266037	-0.0153429003522239
70.4036669934252	-0.0142627369300955
70.4370336602468	-0.0141547709020851
70.4704003270683	-0.0175010134348537
70.5037669938898	-0.017835357906017
70.5371336607113	-0.0185876890673123
70.5705003275329	-0.0164670612845384
70.6038669943544	-0.0165229931096785
70.6372336611759	-0.01363421782729
70.6706003279974	-0.0137397744337525
70.703966994819	-0.015214839293898
70.7373336616405	-0.0156447461370857
70.770700328462	-0.0153421882928509
70.8040669952836	-0.0165440613327454
70.8374336621051	-0.0164246753434575
70.8708003289266	-0.016347234314768
70.9041669957482	-0.0151590167308116
70.9375336625697	-0.0162036732681554
70.9709003293912	-0.0173050847544114
71.0042669962127	-0.0167217832216187
71.0376336630343	-0.0162116584379207
71.0710003298558	-0.0178291629587557
71.1043669966773	-0.0180850053772868
71.1377336634988	-0.0183689157185295
71.1711003303204	-0.0181456596419003
71.2044669971419	-0.0174406001880336
71.2378336639634	-0.0145839195198735
71.271200330785	-0.0103148917134166
71.3045669976065	-0.0102275703220771
71.337933664428	-0.0106809483658296
71.3713003312496	-0.0101757161487686
71.4046669980711	-0.0169573521963911
71.4380336648926	-0.010250625049931
71.4714003317141	-0.0115131352912322
71.5047669985357	-0.0119962801576404
71.5381336653572	-0.0129467930744635
71.5715003321787	-0.0166147833542476
71.6048669990003	-0.015936848841576
71.6382336658218	-0.0169788441961277
71.6716003326433	-0.0191364910979671
71.7049669994648	-0.0211271116092639
71.7383336662864	-0.0164245920443938
71.7717003331079	-0.0193381993660427
71.8050669999294	-0.022383135757225
71.838433666751	-0.0168569898695543
71.8718003335725	-0.0187483504695499
71.905167000394	-0.0161634257064959
71.9385336672155	-0.0107028135922928
71.9719003340371	-0.0139346875942014
72.0052670008586	-0.013921507280705
72.0386336676801	-0.010535248565185
72.0720003345017	-0.0151532215411625
72.1053670013232	-0.0155065602717097
72.1387336681447	-0.0176043757704387
72.1721003349662	-0.017181768333224
72.2054670017878	-0.016508281545176
72.2388336686093	-0.0170642083665254
72.2722003354308	-0.016488903135132
72.3055670022523	-0.016950708805603
72.3389336690739	-0.017593830290603
72.3723003358954	-0.0143748157109503
72.4056670027169	-0.0169917980488328
72.4390336695385	-0.0144505795442287
72.47240033636	-0.0146633462962269
72.5057670031815	-0.0146271266848438
72.5391336700031	-0.0145716785195566
72.5725003368246	-0.0170936868062382
72.6058670036461	-0.0164758735876039
72.6392336704676	-0.0187415108836328
72.6726003372892	-0.017281039721178
72.7059670041107	-0.0193246956187826
72.7393336709322	-0.0187850406130029
72.7727003377537	-0.0187952929500973
72.8060670045753	-0.0189812500693554
72.8394336713968	-0.017762255620716
72.8728003382183	-0.0181418058167519
72.9061670050399	-0.0172477565786253
72.9395336718614	-0.0175245782600463
72.9729003386829	-0.0165278228739132
73.0062670055045	-0.0148684495287096
73.039633672326	-0.0111634828205983
73.0730003391475	-0.0144367714636987
73.106367005969	-0.0143504691532945
73.1397336727906	-0.0157907123174755
73.1731003396121	-0.0136421807591858
73.2064670064336	-0.0138118857174543
73.2398336732551	-0.0146328248089282
73.2732003400767	-0.0152653904176142
73.3065670068982	-0.0156840582155641
73.3399336737197	-0.0144952315463118
73.3733003405413	-0.0132002532592258
73.4066670073628	-0.0156070918265165
73.4400336741843	-0.0149384051201918
73.4734003410059	-0.0115226821980132
73.5067670078274	-0.0154733859910652
73.5401336746489	-0.0147757390060077
73.5735003414704	-0.012855743265612
73.606867008292	-0.016539462639999
73.6402336751135	-0.0184228480303426
73.673600341935	-0.0168494607573477
73.7069670087565	-0.0141680008207792
73.7403336755781	-0.0138480595136065
73.7737003423996	-0.0129044613713789
73.8070670092211	-0.0151982802076979
73.8404336760427	-0.0151700360732375
73.8738003428642	-0.0118887180142912
73.9071670096857	-0.0115727411464056
73.9405336765073	-0.0124571028912143
73.9739003433288	-0.012481443729545
74.0072670101503	-0.0151615364035178
74.0406336769718	-0.0132787046387439
74.0740003437934	-0.0146677446978561
74.1073670106149	-0.0159332372138981
74.1407336774364	-0.0148194076725548
74.174100344258	-0.0167640162486558
74.2074670110795	-0.0181354841379547
74.240833677901	-0.0188933630524671
74.2742003447225	-0.0190998522662334
74.3075670115441	-0.0172846482055721
74.3409336783656	-0.019168949773888
74.3743003451871	-0.0188035495093151
74.4076670120086	-0.0211802915798754
74.4410336788302	-0.0197621188978074
74.4744003456517	-0.017216632047544
74.5077670124732	-0.017529531370892
74.5411336792948	-0.0146093767628541
74.5745003461163	-0.0134474743723836
74.6078670129378	-0.0142697561370962
74.6412336797594	-0.0140267355557338
74.6746003465809	-0.013066118435418
74.7079670134024	-0.0142697678692656
74.7413336802239	-0.00922057094169635
74.7747003470455	-0.0123427300903589
74.808067013867	-0.0106237239385257
74.8414336806885	-0.0103339615158742
74.87480034751	-0.011475654962706
74.9081670143316	-0.0108134642407701
74.9415336811531	-0.0137091207063055
74.9749003479746	-0.0132811107651483
75.0082670147962	-0.0135260876586387
75.0416336816177	-0.0144430591525053
75.0750003484392	-0.0172599075108378
75.1083670152608	-0.0151379940487308
75.1417336820823	-0.0194977912637921
75.1751003489038	-0.0205449843695209
75.2084670157253	-0.0184853554465706
75.2418336825469	-0.0186040423043211
75.2752003493684	-0.0166451045577073
75.3085670161899	-0.0174206242779106
75.3419336830114	-0.0172376672760374
75.375300349833	-0.0156516483978714
75.4086670166545	-0.0122078809412762
75.442033683476	-0.0117641856992995
75.4754003502976	-0.016923923805604
75.5087670171191	-0.0127517815799524
75.5421336839406	-0.0135225292687075
75.5755003507622	-0.0113187751006234
75.6088670175837	-0.0145337074745278
75.6422336844052	-0.0125745764363273
75.6756003512267	-0.0133540905651707
75.7089670180483	-0.0152638605798174
75.7423336848698	-0.0124413107941683
75.7757003516913	-0.011413235810371
75.8090670185128	-0.0121392944868661
75.8424336853344	-0.0123117595435683
75.8758003521559	-0.0121461763069886
75.9091670189774	-0.0132526104606967
75.942533685799	-0.0147349187991758
75.9759003526205	-0.0159333468684761
76.009267019442	-0.0149652815990327
76.0426336862635	-0.0139938202986036
76.0760003530851	-0.0119670453695637
76.1093670199066	-0.0125858665036422
76.1427336867281	-0.0105528802938913
76.1761003535497	-0.0148211129670619
76.2094670203712	-0.0156420216873551
76.2428336871927	-0.0121545096780541
76.2762003540143	-0.0121556645687459
76.3095670208358	-0.011421902376004
76.3429336876573	-0.0126830734646889
76.3763003544788	-0.0113653132108205
76.4096670213004	-0.0128708130224116
76.4430336881219	-0.0136328416275075
76.4764003549434	-0.0125134257915999
76.5097670217649	-0.0134332554054356
76.5431336885865	-0.0137628111529984
76.576500355408	-0.0163189696886551
76.6098670222295	-0.0140916647082732
76.6432336890511	-0.0130329675270156
76.6766003558726	-0.0140427339223134
76.7099670226941	-0.0140858383734775
76.7433336895157	-0.0150852253583218
76.7767003563372	-0.0145215912389515
76.8100670231587	-0.0140974972227611
76.8434336899802	-0.0142034432493714
76.8768003568018	-0.0149476869884599
76.9101670236233	-0.0159111001467514
76.9435336904448	-0.0164469040190763
76.9769003572663	-0.014788412395625
77.0102670240879	-0.0175388967223777
77.0436336909094	-0.0140808030600232
77.0770003577309	-0.0183841221021152
77.1103670245525	-0.0202185257535241
77.143733691374	-0.016923972944754
77.1771003581955	-0.0212240335543119
77.2104670250171	-0.0189423704538848
77.2438336918386	-0.0183767969890765
77.2772003586601	-0.0162583760289405
77.3105670254816	-0.0178379238340843
77.3439336923032	-0.0214219374892988
77.3773003591247	-0.0258754306457538
77.4106670259462	-0.0253456052782024
77.4440336927677	-0.0304708028861664
77.4774003595893	-0.0202919144402319
77.5107670264108	-0.0254915414991443
77.5441336932323	-0.0193240062213897
77.5775003600539	-0.0158715002861499
77.6108670268754	-0.0161329594102141
77.6442336936969	-0.0167411684554229
77.6776003605185	-0.0173801840170932
77.71096702734	-0.0138795588718959
77.7443336941615	-0.0169551885260304
77.777700360983	-0.0192566186544521
77.8110670278046	-0.0178911526044097
77.8444336946261	-0.0174708079599145
77.8778003614476	-0.0163038877023601
77.9111670282691	-0.0181376933213337
77.9445336950907	-0.0151090731105806
77.9779003619122	-0.0193159184392507
78.0112670287337	-0.0162890289272135
78.0446336955553	-0.0117848913787573
78.0780003623768	-0.0143880065163328
78.1113670291983	-0.0138091285060892
78.1447336960198	-0.0146327285561156
78.1781003628414	-0.0157868064101935
78.2114670296629	-0.018918628537958
78.2448336964844	-0.0178507175154476
78.278200363306	-0.0177405392168764
78.3115670301275	-0.0190974649863815
78.344933696949	-0.0178893230030345
78.3783003637705	-0.0138283973017375
78.4116670305921	-0.0141266399474739
78.4450336974136	-0.0148030833600022
78.4784003642351	-0.0173600582287642
78.5117670310567	-0.0186159941724354
78.5451336978782	-0.0308363788070514
78.5785003646997	-0.0199814772920506
78.6118670315212	-0.0155093835410349
78.6452336983428	-0.00722479948895455
78.6786003651643	-0.0053669710215955
78.7119670319858	-0.00209607880202877
78.7453336988074	-0.00430900366369133
78.7787003656289	-0.00421588995302336
78.8120670324504	-0.00860948284925161
78.845433699272	-0.00427517110407399
78.8788003660935	-0.00522650007707579
78.912167032915	-0.00698348521484873
78.9455336997365	-0.00293511270108711
78.9789003665581	-0.000498509556999469
79.0122670333796	0.0156415670039195
79.0456337002011	0.0481158541849664
