0.0333666668215285	0
0.0667333336430571	0.00681593994678626
0.100100000464586	0.00680678643946703
0.133466667286114	0.00287789825343481
0.166833334107643	0.000340643178587144
0.200200000929171	-0.000870997200732247
0.2335666677507	-9.4735085173962e-05
0.266933334572228	-0.00092819094654635
0.300300001393757	0.00121009677785273
0.333666668215285	0.000757880681212806
0.367033335036814	0.00121875406798617
0.400400001858343	0.00238093237611386
0.433766668679871	0.00197590320191858
0.4671333355014	-0.0014412157207716
0.500500002322928	-0.00328959415002309
0.533866669144457	-0.00154648625376631
0.567233335965985	-0.00120474428999056
0.600600002787514	-0.00425418103111752
0.633966669609042	-0.00562580652415404
0.667333336430571	-0.00606304536059534
0.700700003252099	-0.00753118579545307
0.734066670073628	-0.00496476068516486
0.767433336895156	-0.00454190137499126
0.800800003716685	-0.00220644622357895
0.834166670538214	-0.0050957503171827
0.867533337359742	-0.00443950162056861
0.900900004181271	9.24244733401596e-05
0.934266671002799	-0.000747802480670236
0.967633337824328	0.00390968500767273
1.00100000464586	0.0134679114443154
1.03436667146738	0.0102313887637561
1.06773333828891	0.0103965974884373
1.10110000511044	0.00985244846962795
1.13446667193197	0.0104046186113168
1.1678333387535	0.00950072487861927
1.20120000557503	0.0144929137609952
1.23456667239656	0.0131881201359812
1.26793333921808	0.0116540205129137
1.30130000603961	0.0125099136995839
1.33466667286114	0.0150684498050648
1.36803333968267	0.0161347051840079
1.4014000065042	0.0180537981273893
1.43476667332573	0.0180197751653543
1.46813334014726	0.0179326688634276
1.50150000696878	0.0175858212335884
1.53486667379031	0.0190047671864478
1.56823334061184	0.0187846113394387
1.60160000743337	0.0209171062931456
1.6349666742549	0.0198675917424884
1.66833334107643	0.0196687036942815
1.70170000789796	0.0209481698941144
1.73506667471948	0.0198173924687202
1.76843334154101	0.0193383787115727
1.80180000836254	0.0187304770282616
1.83516667518407	0.0178562810389783
1.8685333420056	0.0170009315943871
1.90190000882713	0.0171951924111521
1.93526667564866	0.0169048391643947
1.96863334247018	0.0169575782655538
2.00200000929171	0.0189470142721625
2.03536667611324	0.0170754931703902
2.06873334293477	0.0157796875045477
2.1021000097563	0.0173349654368717
2.13546667657783	0.0187732515487621
2.16883334339936	0.0150449543055342
2.20220001022088	0.0185500293233744
2.23556667704241	0.0179922127432641
2.26893334386394	0.0160851345155806
2.30230001068547	0.0152523472718419
2.335666677507	0.0133676181535401
2.36903334432853	0.0158440531213178
2.40240001115006	0.0154264415407553
2.43576667797158	0.0150764107343879
2.46913334479311	0.0167088987528348
2.50250001161464	0.016469665362911
2.53586667843617	0.0159100792400246
2.5692333452577	0.0140423479675232
2.60260001207923	0.0152717248974005
2.63596667890075	0.0160856946361285
2.66933334572228	0.0143997317337001
2.70270001254381	0.0174826352428084
2.73606667936534	0.0159628601997164
2.76943334618687	0.0167517745310699
2.8028000130084	0.0180604178123882
2.83616667982993	0.0189836859019642
2.86953334665145	0.0178384572132369
2.90290001347298	0.0185880183140002
2.93626668029451	0.0182051906968178
2.96963334711604	0.017578975971315
3.00300001393757	0.0179484556804488
3.0363666807591	0.0160955416172476
3.06973334758063	0.0155623892790916
3.10310001440215	0.0168564204979743
3.13646668122368	0.0155240599102596
3.16983334804521	0.015071489432625
3.20320001486674	0.017256900715162
3.23656668168827	0.0168905186219247
3.2699333485098	0.0162511254391902
3.30330001533133	0.0184065586061432
3.33666668215285	0.0176688274275944
3.37003334897438	0.0161388977280991
3.40340001579591	0.0173003824202753
3.43676668261744	0.0182710669226579
3.47013334943897	0.0188295216477715
3.5035000162605	0.0153781430047264
3.53686668308203	0.0169434465174645
3.57023334990355	0.0134916204816253
3.60360001672508	0.0147294725526638
3.63696668354661	0.0149650017066825
3.67033335036814	0.0153078429568363
3.70370001718967	0.0172252598644285
3.7370666840112	0.0151263927053716
3.77043335083273	0.0156318351039183
3.80380001765425	0.0180674073121889
3.83716668447578	0.0180732346492945
3.87053335129731	0.0169672670776867
3.90390001811884	0.0166317095243631
3.93726668494037	0.0180901569942238
3.9706333517619	0.016004115788483
4.00400001858343	0.0154318452764787
4.03736668540495	0.0154540412662161
4.07073335222648	0.0101610141379706
4.10410001904801	0.0114254912944721
4.13746668586954	0.0124729168666109
4.17083335269107	0.0122218549751102
4.2042000195126	0.0108285669162951
4.23756668633412	0.0088509633903263
4.27093335315565	0.0101366536905548
4.30430001997718	0.00926570220099631
4.33766668679871	0.00714810385564327
4.37103335362024	0.00914916096555552
4.40440002044177	0.0106048530385714
4.4377666872633	0.00890199165144571
4.47113335408482	0.0106000317638498
4.50450002090635	0.0119636872035976
4.53786668772788	0.0124902280944601
4.57123335454941	0.0158448427994741
4.60460002137094	0.0166031201471404
4.63796668819247	0.0154928285726511
4.671333355014	0.0147587277529558
4.70470002183552	0.0139112540700491
4.73806668865705	0.0138313213606732
4.77143335547858	0.0129418916361199
4.80480002230011	0.0120174234819932
4.83816668912164	0.0080453322105123
4.87153335594317	0.00692294839716596
4.9049000227647	0.00914331504596988
4.93826668958622	0.00927563786755679
4.97163335640775	0.00901479096529853
5.00500002322928	0.00929340742505428
5.03836669005081	0.00967825817196872
5.07173335687234	0.00879971195435241
5.10510002369387	0.00831674303318896
5.1384666905154	0.00939230667927768
5.17183335733692	0.0129938230785746
5.20520002415845	0.0143140417284308
5.23856669097998	0.0149066923271182
5.27193335780151	0.0150728492660066
5.30530002462304	0.01418657784512
5.33866669144457	0.0140998167141408
5.3720333582661	0.0137968722468026
5.40540002508762	0.0137037190305226
5.43876669190915	0.0136045462346918
5.47213335873068	0.0121111320093777
5.50550002555221	0.0110964042906544
5.53886669237374	0.0111169337149906
5.57223335919527	0.0100363459657467
5.60560002601679	0.0112862478216817
5.63896669283832	0.0107254766556764
5.67233335965985	0.0117381275155943
5.70570002648138	0.0117762991552061
5.73906669330291	0.0125759550978077
5.77243336012444	0.0168154756871675
5.80580002694597	0.013840639563599
5.83916669376749	0.0163192326452059
5.87253336058902	0.0134844946870084
5.90590002741055	0.0148484767570506
5.93926669423208	0.0104394953172146
5.97263336105361	0.00981228903607811
6.00600002787514	0.0101829914981274
6.03936669469667	0.00985244846962795
6.07273336151819	0.0104919102139009
6.10610002833972	0.0105677514937522
6.13946669516125	0.0113073435685785
6.17283336198278	0.0124021752328071
6.20620002880431	0.0118970292661028
6.23956669562584	0.0128877041166
6.27293336244737	0.0121289465117579
6.30630002926889	0.0161742107420254
6.33966669609042	0.0163607474308051
6.37303336291195	0.0158362035487702
6.40640002973348	0.0185965436930401
6.43976669655501	0.01881742851247
6.47313336337654	0.0155493257114435
6.50650003019807	0.0149893063107589
6.53986669701959	0.0144929137609952
6.57323336384112	0.0119067037036102
6.60660003066265	0.0117021908872014
6.63996669748418	0.0104240522265422
6.67333336430571	0.0101366536905548
6.70670003112724	0.0108862059118542
6.74006669794877	0.0116694458574961
6.77343336477029	0.00981630676509219
6.80680003159182	0.0110946488022514
6.84016669841335	0.010931464890852
6.87353336523488	0.0112717928661089
6.90690003205641	0.0118467020096643
6.94026669887794	0.0112353851954873
6.97363336569947	0.00839166305599783
7.00700003252099	0.0126141493740022
7.04036669934252	0.0153869707754331
7.07373336616405	0.013956174507143
7.10710003298558	0.0141246944578176
7.14046669980711	0.0118867594785913
7.17383336662864	0.00978722104159854
7.20720003345017	0.0106200955565899
7.24056670027169	0.0105607295400437
7.27393336709322	0.00869966098117128
7.30730003391475	0.00994505466542641
7.34066670073628	0.00925766846498209
7.37403336755781	0.0103486299590113
7.40740003437934	0.00958657906764832
7.44076670120087	0.0101366536905548
7.47413336802239	0.0108213968311174
7.50750003484392	0.0130020012888127
7.54086670166545	0.0135227557250131
7.57423336848698	0.0138243470001997
7.60760003530851	0.0141615709642332
7.64096670213004	0.0149681420953893
7.67433336895157	0.0152327469149403
7.70770003577309	0.0164058858978017
7.74106670259462	0.0160411306066298
7.77443336941615	0.0152293036089968
7.80780003623768	0.0114176771977277
7.84116670305921	0.0128495216000519
7.87453336988074	0.0120704211173028
7.90790003670226	0.0123222927552682
7.94126670352379	0.0127583327662278
7.97463337034532	0.0114791700377397
8.00800003716685	0.0109076359286055
8.04136670398838	0.0100429596618958
8.07473337080991	0.0110484103104192
8.10810003763144	0.0150728492660066
8.14146670445296	0.0153165226338532
8.17483337127449	0.015408201722174
8.20820003809602	0.0148415014458614
8.24156670491755	0.0155058275618229
8.27493337173908	0.0160867250183131
8.30830003856061	0.0128039271831728
8.34166670538213	0.0111625281341159
8.37503337220366	0.00797091867197433
8.40840003902519	0.00899834480995033
8.44176670584672	0.00956672343272968
8.47513337266825	0.00728700233021546
8.50850003948978	0.00673917491946898
8.54186670631131	0.00723600238273876
8.57523337313284	0.00841646416697103
8.60860003995436	0.00615160206662372
8.64196670677589	0.00893545481568511
8.67533337359742	0.0093387513274544
8.70870004041895	0.0104015907591148
8.74206670724048	0.00999913503551331
8.77543337406201	0.0110676707793204
8.80880004088353	0.013385810520126
8.84216670770506	0.00973699009806894
8.87553337452659	0.00975345563940835
8.90890004134812	0.00845725917618681
8.94226670816965	0.00853799929849267
8.97563337499118	0.00845446600438638
9.00900004181271	0.00876003463412907
9.04236670863424	0.00868439622320498
9.07573337545576	0.00819889078391308
9.10910004227729	0.00803967999016995
9.14246670909882	0.00880730667319473
9.17583337592035	0.00966793827280104
9.20920004274188	0.00957275444079033
9.24256670956341	0.0118752274825565
9.27593337638493	0.0119839875754463
9.30930004320646	0.0122218549751102
9.34266671002799	0.0100214353579836
9.37603337684952	0.009384345748605
9.40940004367105	0.0104146805351832
9.44276671049258	0.00947553459076335
9.47613337731411	0.0101366536905548
9.50950004413563	0.0120867852029168
9.54286671095716	0.0117906348529326
9.57623337777869	0.0108273200011399
9.60960004460022	0.0111909633632192
9.64296671142175	0.0100449745872453
9.67633337824328	0.0117266666449217
9.70970004506481	0.0104146805351832
9.74306671188633	0.0107997991981953
9.77643337870786	0.0108226662844637
9.80980004552939	0.011008111675746
9.84316671235092	0.0122328634039132
9.87653337917245	0.0102335418335993
9.90990004599398	0.0103349364016512
9.94326671281551	0.0108019896044772
9.97663337963703	0.00947689156758001
10.0100000464586	0.0102273574840503
10.0433667132801	0.0107190414320614
10.0767333801016	0.0126151875033109
10.1101000469231	0.0131183441722279
10.1434667137447	0.0118418849722589
10.1768333805662	0.0102273574840503
10.2102000473877	0.00996085664691412
10.2435667142093	0.0105281608793696
10.2769333810308	0.0113414366694836
10.3103000478523	0.00882316468071917
10.3436667146738	0.0105716616778862
10.3770333814954	0.0115576797641419
10.4104000483169	0.0112131885997441
10.4437667151384	0.0111204409780024
10.47713338196	0.0114551314926114
10.5105000487815	0.0136741014683199
10.543866715603	0.0135145024594773
10.5772333824245	0.0128669396918759
10.6106000492461	0.0133747294137761
10.6439667160676	0.0126292731594464
10.6773333828891	0.0131252033048385
10.7107000497107	0.0135380457915804
10.7440667165322	0.0118516851518072
10.7774333833537	0.00975345563940835
10.8108000501752	0.00925623533688228
10.8441667169968	0.0115418023781459
10.8775333838183	0.0119168401915956
10.9109000506398	0.0104719519823368
10.9442667174614	0.0111856834150114
10.9776333842829	0.0105629615181864
11.0110000511044	0.0103294562262318
11.0443667179259	0.010312450733432
11.0777333847475	0.0112585163847212
11.111100051569	0.010920668082598
11.1444667183905	0.0108667941659756
11.1778333852121	0.0113477554612291
11.2112000520336	0.0116930155778177
11.2445667188551	0.0134720153161194
11.2779333856766	0.0141729722777097
11.3113000524982	0.0133836613700838
11.3446667193197	0.0118591095302519
11.3780333861412	0.0102459633903835
11.4114000529628	0.00986740663919905
11.4447667197843	0.0100927044297162
11.4781333866058	0.00873099001190546
11.5115000534273	0.00700059598228457
11.5448667202489	0.00841729058520603
11.5782333870704	0.0088921525538433
11.6116000538919	0.0082650582991363
11.6449667207135	0.010745664871465
11.678333387535	0.0094635360589118
11.7117000543565	0.010234655490415
11.745066721178	0.0102584559274876
11.7784333879996	0.0126457796909815
11.8118000548211	0.0118752274825565
11.8451667216426	0.0118283513909717
11.8785333884642	0.0111560854444599
11.9119000552857	0.0132329946404679
11.9452667221072	0.0136086451290716
11.9786333889287	0.0119053776248192
12.0120000557503	0.0103220049205225
12.0453667225718	0.0110520385907398
12.0787333893933	0.00958888384960289
12.1121000562149	0.0117121391166649
12.1454667230364	0.0101366536905548
12.1788333898579	0.0105155939820111
12.2122000566794	0.0113158029894833
12.245566723501	0.0122218549751102
12.2789333903225	0.0121042282392218
12.312300057144	0.0168487337375031
12.3456667239656	0.0157459667816705
12.3790333907871	0.0159206134856271
12.4124000576086	0.0169711118444051
12.4457667244301	0.0155179160405694
12.4791333912517	0.0153921942623312
12.5125000580732	0.0167734908343043
12.5458667248947	0.0165546940301788
12.5792333917163	0.0120699100794134
12.6126000585378	0.0105415270465168
12.6459667253593	0.00868439622320498
12.6793333921808	0.00977711696495797
12.7127000590024	0.0103525057557511
12.7460667258239	0.0112767792655128
12.7794333926454	0.0125548910103072
12.812800059467	0.0114341122816398
12.8461667262885	0.0100898066762518
12.87953339311	0.00983573051539485
12.9129000599315	0.0119765084910828
12.9462667267531	0.0140217248366172
12.9796333935746	0.0125316414226023
13.0130000603961	0.010843106659524
13.0463667272177	0.0100882096189449
13.0797333940392	0.00911077922099636
13.1131000608607	0.0105995021889115
13.1464667276822	0.0104240522265422
13.1798333945038	0.011970491797515
13.2132000613253	0.0108285669162951
13.2465667281468	0.00971503055990932
13.2799333949684	0.00907088410224675
13.3133000617899	0.00910099058815054
13.3466667286114	0.0085261574138965
13.3800333954329	0.00913787533428194
13.4134000622545	0.00999132147555339
13.446766729076	0.00945361904031768
13.4801333958975	0.00823680353721205
13.5135000627191	0.0101366536905548
13.5468667295406	0.00962693780381397
13.5802333963621	0.0134470886442195
13.6136000631836	0.0130485923046769
13.6469667300052	0.0156451252073798
13.6803333968267	0.0145402727582668
13.7137000636482	0.0118766856098276
13.7470667304698	0.0115432531037702
13.7804333972913	0.0108256360359256
13.8138000641128	0.00895370524540184
13.8471667309343	0.00858029174345611
13.8805333977559	0.00915286637919925
13.9139000645774	0.00774745589753318
13.9472667313989	0.00857810890758805
13.9806333982205	0.00994718354348815
14.014000065042	0.0101366536905548
14.0473667318635	0.0127326063074774
14.080733398685	0.0109018215829761
14.1141000655066	0.0106103290543049
14.1474667323281	0.0132461930241288
14.1808333991496	0.014791738880933
14.2142000659712	0.0137839538290906
14.2475667327927	0.0140681590174504
14.2809333996142	0.0144983000053383
14.3143000664357	0.0135877169117313
14.3476667332573	0.0137158155081242
14.3810334000788	0.0111904483120922
14.4144000669003	0.0110086469693427
14.4477667337219	0.0109892693411408
14.4811334005434	0.0110467490472378
14.5145000673649	0.0112585163847212
14.5478667341864	0.012895116016866
14.581233401008	0.0128452392515075
14.6146000678295	0.0132412866684644
14.647966734651	0.0130245453287556
14.6813334014726	0.0159804234403856
14.7147000682941	0.0161049627829637
14.7480667351156	0.0160678925439313
14.7814334019371	0.0161416344172214
14.8148000687587	0.0163374942811085
14.8481667355802	0.0164977908623478
14.8815334024017	0.0150910416315167
14.9149000692233	0.0149861868685853
14.9482667360448	0.0151177237675772
14.9816334028663	0.0115728779036714
15.0150000696878	0.0129328662328884
15.0483667365094	0.0143997317337001
15.0817334033309	0.0114106770693924
15.1151000701524	0.0111736186684896
15.148466736974	0.0106519708442514
15.1818334037955	0.0120393835053432
15.215200070617	0.0118283513909717
15.2485667374385	0.0116020868280618
15.2819334042601	0.0114791700377397
15.3153000710816	0.0106210944034143
15.3486667379031	0.0112508673210106
15.3820334047247	0.00949361952871066
15.4154000715462	0.00908187141772294
15.4487667383677	0.00910914249817701
15.4821334051892	0.0100262112474234
15.5155000720108	0.00768074981934335
15.5488667388323	0.00829007962839945
15.5822334056538	0.00910099058815054
15.6156000724754	0.0116951984135178
15.6489667392969	0.0105321970359344
15.6823334061184	0.0112136418775943
15.7157000729399	0.0123803790443569
15.7490667397615	0.0131681759117442
15.782433406583	0.0140380160430581
15.8158000734045	0.0133154807236918
15.8491667402261	0.0147894988401072
15.8825334070476	0.012268192780045
15.9159000738691	0.0129394509193408
15.9492667406906	0.0126568159150102
15.9826334075122	0.0119149663111138
16.0160000743337	0.0143075570793735
16.0493667411552	0.0132451481520895
16.0827334079768	0.0128839707149835
16.1161000747983	0.011588404651617
16.1494667416198	0.0100439780752517
16.1828334084413	0.0103440466883535
16.2162000752629	0.010615162476355
16.2495667420844	0.00947350817205112
16.2829334089059	0.0112815947026505
16.3163000757275	0.0110811680328826
16.349666742549	0.00947131776569726
16.3830334093705	0.00952060190863807
16.416400076192	0.012145690536976
16.4497667430136	0.0114566931414185
16.4831334098351	0.0127779086300326
16.5165000766566	0.0139374702865971
16.5498667434782	0.0135972700274129
16.5832334102997	0.0132529388646643
16.6166000771212	0.0133402686035943
16.6499667439427	0.0139912931434241
16.6833334107643	0.0139838217057442
16.7167000775858	0.0101607388786783
16.7500667444073	0.0103052500071146
16.7834334112289	0.00869992562071684
16.8168000780504	0.00973699009806894
16.8501667448719	0.0100927044297162
16.8835334116934	0.00996805737329284
16.916900078515	0.00949489996313253
16.9502667453365	0.00945191053840989
16.983633412158	0.0097577133955513
17.0170000789796	0.00828411177208997
17.0503667458011	0.0113232837144969
17.0837334126226	0.0108889616185238
17.1171000794441	0.0120867852029168
17.1504667462657	0.0109139000026242
17.1838334130872	0.0113378525297819
17.2172000799087	0.0128373471746087
17.2505667467303	0.0134815303564466
17.2839334135518	0.013774777919822
17.3173000803733	0.013882995031406
17.3506667471948	0.0133449495895238
17.3840334140164	0.0131627765038844
17.4174000808379	0.012934298718763
17.4507667476594	0.0129031192921502
17.484133414481	0.0122123933290693
17.5175000813025	0.0134896364682483
17.550866748124	0.0133222505228269
17.5842334149455	0.0147006548677993
17.6176000817671	0.0152265104377422
17.6509667485886	0.0154848787776181
17.6843334154101	0.0131676283102106
17.7177000822317	0.0135375362197557
17.7510667490532	0.012268192780045
17.7844334158747	0.0121535939075103
17.8178000826962	0.0111343954074285
17.8511667495178	0.010971689637196
17.8845334163393	0.0113611548848553
17.9179000831608	0.0118008499958287
17.9512667499824	0.00869992562071684
17.9846334168039	0.00830330909805251
18.0180000836254	0.00832947915626459
18.0513667504469	0.0102081019301406
18.0847334172685	0.0098655909076324
18.11810008409	0.0117353080194851
18.1514667509115	0.0167068090090193
18.1848334177331	0.0163790177626946
18.2182000845546	0.0163565542398778
18.2515667513761	0.0164963272704095
18.2849334181976	0.0162725288338655
18.3183000850192	0.0191838518801999
18.3516667518407	0.0159703392830657
18.3850334186622	0.0165083507568698
18.4184000854838	0.0154028088346344
18.4517667523053	0.0159254647829423
18.4851334191268	0.0134468084550708
18.5185000859483	0.0146903961246444
18.5518667527699	0.0148308294809876
18.5852334195914	0.0101114283751674
18.6186000864129	0.00910763477814033
18.6519667532345	0.00998794165659363
18.685333420056	0.0106381923108176
18.7187000868775	0.0113849583658298
18.752066753699	0.00950767492033094
18.7854334205206	0.0101366536905548
18.8188000873421	0.0114406540895473
18.8521667541636	0.0106103290543049
18.8855334209852	0.0128452392515075
18.9189000878067	0.0132268214282143
18.9522667546282	0.0151625982690726
18.9856334214497	0.0134083182852827
19.0190000882713	0.0151182279754591
19.0523667550928	0.0133154807236918
19.0857334219143	0.0139456761111664
19.1191000887359	0.0132100355916693
19.1524667555574	0.0119781016688167
19.1858334223789	0.0124437312875648
19.2192000892004	0.0117021908872014
19.252566756022	0.0124729168666109
19.2859334228435	0.0106969439773426
19.319300089665	0.0116540205129137
19.3526667564866	0.0102324532027805
19.3860334233081	0.0100386518904573
19.4194000901296	0.011491967576969
19.4527667569511	0.0121929619908251
19.4861334237727	0.0116797310807931
19.5195000905942	0.0116574008900592
19.5528667574157	0.0110590741304055
19.5862334242373	0.0099896509903208
19.6196000910588	0.0109892693411408
19.6529667578803	0.0112734745537509
19.6863334247018	0.0109519965262105
19.7197000915234	0.00987467681099974
19.7530667583449	0.0107524316623104
19.7864334251664	0.0109030497818286
19.819800091988	0.0112585163847212
19.8531667588095	0.00874651943981606
19.886533425631	0.0110178486363624
19.9199000924525	0.0117294521429497
19.9532667592741	0.0105242062613195
19.9866334260956	0.0127305901315481
20.0200000929171	0.0123741809082168
20.0533667597387	0.0127919423650104
20.0867334265602	0.0137720392965947
20.1201000933817	0.0151188050808672
20.1534667602032	0.0146519848542187
20.1868334270248	0.0134363243153505
20.2202000938463	0.0152327469149403
20.2535667606678	0.015434698568451
20.2869334274894	0.0147508087231689
20.3203000943109	0.0157796875045477
20.3536667611324	0.0152667983824293
20.3870334279539	0.0149296058000487
20.4204000947755	0.0120787226439104
20.453766761597	0.012268192780045
20.4871334284185	0.010765632451006
20.5205000952401	0.0107079940770455
20.5538667620616	0.0110767170990998
20.5872334288831	0.0116786181508559
20.6206000957046	0.0114223439499502
20.6539667625262	0.0109373333629667
20.6873334293477	0.0139979757120286
20.7207000961692	0.0160678925439313
20.7540667629908	0.0167962726359708
20.7874334298123	0.0160258541284699
20.8208000966338	0.0144450836246829
20.8541667634553	0.0149770235071982
20.8875334302769	0.0157982016498938
20.9209000970984	0.0152293036089968
20.9542667639199	0.0171387038305771
20.9876334307415	0.016579714589387
21.021000097563	0.0129627391967388
21.0543667643845	0.0129948538034182
21.087733431206	0.0112666262354002
21.1211000980276	0.0107796878421846
21.1544667648491	0.0109892693411408
21.1878334316706	0.00978965894381011
21.2212000984922	0.0119243961612778
21.2545667653137	0.0106635510049302
21.2879334321352	0.0107664266161007
21.3213000989567	0.0112862478216817
21.3546667657783	0.0131498240928333
21.3880334325998	0.0117627763063136
21.4214000994213	0.0127315708258182
21.4547667662429	0.0124559449216587
21.4881334330644	0.0107139455393614
21.5215000998859	0.0119385733415016
21.5548667667074	0.0110964042906544
21.588233433529	0.00955532482749445
21.6216001003505	0.0107254766556764
21.654966767172	0.0108970946771237
21.6883334339936	0.0108780586051794
21.7217001008151	0.00984925515252704
21.7550667676366	0.0109139000026242
21.7884334344581	0.0112562499954738
21.8218001012797	0.0112136418775943
21.8551667681012	0.0111035374165773
21.8885334349227	0.012268192780045
21.9219001017443	0.0103796270643787
21.9552667685658	0.00947553459076335
21.9886334353873	0.00853226935433303
22.0220001022088	0.0109139000026242
22.0553667690304	0.00963511506407828
22.0887334358519	0.00977711696495797
22.1221001026734	0.00833026454286576
22.155466769495	0.00987467681099974
22.1888334363165	0.00890199165144571
22.222200103138	0.00669712447874856
22.2555667699595	0.00894858267241908
22.2889334367811	0.00788261223293871
22.3223001036026	0.0086334873273563
22.3556667704241	0.00789673113702225
22.3890334372457	0.00843635075142948
22.4224001040672	0.00933275891781464
22.4557667708887	0.00932346533653769
22.4891334377102	0.00924438147887674
22.5225001045318	0.00877913711547044
22.5558667713533	0.0107664266161007
22.5892334381748	0.0111089346940859
22.6226001049964	0.0119089446277685
22.6559667718179	0.0107943857655252
22.6893334386394	0.0109486685963039
22.7227001054609	0.0112024232508042
22.7560667722825	0.0118418849722589
22.789433439104	0.0107796878421846
22.8228001059255	0.00990241861850376
22.8561667727471	0.00980872458931146
22.8895334395686	0.00805355856267078
22.9229001063901	0.00770060888079757
22.9562667732116	0.00873150495419019
22.9896334400332	0.00874810816469928
23.0230001068547	0.0100188890964872
23.0563667736762	0.00907088410224675
23.0897334404978	0.00833897003290486
23.1231001073193	0.0111587952576981
23.1564667741408	0.0085261574138965
23.1898334409623	0.010234655490415
23.2232001077839	0.00876548813358764
23.2565667746054	0.00852842651753187
23.2899334414269	0.00949846831151598
23.3233001082484	0.010087652790536
23.35666677507	0.009765951228088
23.3900334418915	0.0092744580705828
23.423400108713	0.00987757158315924
23.4567667755346	0.010765632451006
23.4901334423561	0.0109624856037143
23.5235001091776	0.0104607473611038
23.5568667759992	0.0114080980747426
23.5902334428207	0.0120144381331953
23.6236001096422	0.0110394232023484
23.6569667764637	0.0111166716780984
23.6903334432853	0.0108889616185238
23.7237001101068	0.0107050641263676
23.7570667769283	0.0113247246738227
23.7904334437499	0.0126073012596408
23.8238001105714	0.010482308686285
23.8571667773929	0.0114284955778792
23.8905334442144	0.0104059007401197
23.923900111036	0.00946108389994285
23.9572667778575	0.00865384382156332
23.990633444679	0.00926570220099631
24.0240001115006	0.00721737171668058
24.0573667783221	0.00762489397258176
24.0907334451436	0.0076906250903407
24.1241001119651	0.00940651320196496
24.1574667787867	0.00963778282274505
24.1908334456082	0.0106051238305586
24.2242001124297	0.00999764026752076
24.2575667792512	0.0115125678261357
24.2909334460728	0.0116357581182498
24.3243001128943	0.0115739200618109
24.3576667797158	0.0110076051613751
24.3910334465374	0.0112704510940536
24.4244001133589	0.0113232837144969
24.4577667801804	0.0130580524094121
24.4911334470019	0.0127029843197021
24.5245001138235	0.0121077543583874
24.557866780645	0.012739375087585
24.5912334474665	0.0115409618106519
24.6246001142881	0.0109892693411408
24.6579667811096	0.0101886424502662
24.6913334479311	0.0113083769481306
24.7247001147527	0.0108148706868738
24.7580667815742	0.00923388415862886
24.7914334483957	0.0111469785923391
24.8248001152172	0.00898256065453502
24.8581667820388	0.0106927073778508
24.8915334488603	0.00965791227450312
24.9249001156818	0.00979469553679429
24.9582667825034	0.00932031954016713
24.9916334493249	0.0111841529157383
25.0250001161464	0.0105792683748894
25.0583667829679	0.0114629446942619
25.0917334497895	0.012079002925178
25.125100116611	0.0125692576127895
25.1584667834325	0.0101366536905548
25.191833450254	0.0129039149394016
25.2252001170756	0.0113905002288897
25.2585667838971	0.010745664871465
25.2919334507186	0.0121061459531541
25.3253001175402	0.0112343325186121
25.3586667843617	0.0107179825452671
25.3920334511832	0.0101133581807173
25.4254001180047	0.00980135539599558
25.4587667848263	0.0103845070792718
25.4921334516478	0.0109094924389644
25.5255001184693	0.00940651320196496
25.5588667852909	0.00912387817079133
25.5922334521124	0.0078197632493697
25.6256001189339	0.00793484396405779
25.6589667857554	0.00649205292776873
25.692333452577	0.00741107895679209
25.7257001193985	0.00792532424946452
25.75906678622	0.00695700954351268
25.7924334530416	0.00686829354350137
25.8258001198631	0.00800511448883021
25.8591667866846	0.0104428416335179
25.8925334535062	0.00940999261048182
25.9259001203277	0.0117727539759025
25.9592667871492	0.012082841559925
25.9926334539707	0.0142014490466999
26.0260001207923	0.0152375620315219
26.0593667876138	0.015886851840913
26.0927334544353	0.0144939433966539
26.1261001212568	0.0143997317337001
26.1594667880784	0.015736264186972
26.1928334548999	0.0157796875045477
26.2262001217214	0.0157974621100314
26.259566788543	0.0151024368494684
26.2929334553645	0.011856016722878
26.326300122186	0.0108285669162951
26.3596667890075	0.0117970104658674
26.3930334558291	0.0104059007401197
26.4264001226506	0.00918684867012014
26.4597667894721	0.00925766846498209
26.4931334562937	0.00969882402507187
26.5265001231152	0.00930161772668894
26.5598667899367	0.00966297832126221
26.5932334567582	0.00936790185901581
26.6266001235798	0.010863314757584
26.6599667904013	0.0111962627332012
26.6933334572228	0.0100120022781097
26.7267001240444	0.00869992562071684
26.7600667908659	0.0102043216000073
26.7934334576874	0.0157003316964043
26.8268001245089	0.0126655983586849
26.8601667913305	0.0134318978487618
26.893533458152	0.0146747690069281
26.9269001249735	0.0121583196342201
26.9602667917951	0.0137681646518797
26.9936334586166	0.0122123933290693
27.0270001254381	0.0127137687315258
27.0603667922596	0.0130842677110626
27.0937334590812	0.0110699903484945
27.1271001259027	0.012858279849614
27.1604667927242	0.0124135249860128
27.1938334595458	0.0128495216000519
27.2272001263673	0.0112272085890569
27.2605667931888	0.010642442638081
27.2939334600103	0.0121929619908251
27.3273001268319	0.0130355468202418
27.3606667936534	0.0104462627278391
27.3940334604749	0.0102369614151143
27.4274001272965	0.0095144746908706
27.460766794118	0.00994505466542641
27.4941334609395	0.00887990804611232
27.527500127761	0.0091349467558348
27.5608667945826	0.00931154175351939
27.5942334614041	0.0101845534466961
27.6276001282256	0.011189884785564
27.6609667950472	0.0102324532027805
27.6943334618687	0.0119839875754463
27.7277001286902	0.0119228596400682
27.7610667955117	0.0126471330490777
27.7944334623333	0.0144949960409311
27.8278001291548	0.0149527796533337
27.8611667959763	0.0149924591159505
27.8945334627979	0.0156244833270693
27.9279001296194	0.0158988359586569
27.9612667964409	0.0162591592021851
27.9946334632624	0.0169888259528362
28.028000130084	0.0131230880999517
28.0613667969055	0.0136623344908969
28.094733463727	0.0132791512735871
28.1281001305486	0.0125316414226023
28.1614667973701	0.0109707342185032
28.1948334641916	0.0104046186113168
28.2282001310131	0.00920989752829593
28.2615667978347	0.0091349467558348
28.2949334646562	0.0104979315108798
28.3283001314777	0.0111607451121404
28.3616667982993	0.00976187757463601
28.3950334651208	0.011900686049511
28.4284001319423	0.0121510752509664
28.4617667987638	0.0125050304487022
28.4951334655854	0.0147786719761136
28.5285001324069	0.0135899851095892
28.5618667992284	0.0150897096278766
28.59523346605	0.0115576797641419
28.6286001328715	0.0113477554612291
28.661966799693	0.0103486299590113
28.6953334665145	0.0111131129536088
28.7287001333361	0.00879682906107694
28.7620668001576	0.0102598640458312
28.7954334669791	0.01121467347546
28.8288001338007	0.01145967796771
28.8621668006222	0.0100903158829292
28.8955334674437	0.0103033662493919
28.9289001342652	0.00816345740429687
28.9622668010868	0.0110814440049295
28.9956334679083	0.0112815947026505
29.0290001347298	0.0108512737457951
29.0623668015514	0.0110676707793204
29.0957334683729	0.0102141642050091
29.1291001351944	0.010468510083719
29.1624668020159	0.00965221297189806
29.1958334688375	0.012132661396647
29.229200135659	0.0113263499419001
29.2625668024805	0.0111656725768124
29.2959334693021	0.00962722923656951
29.3293001361236	0.0106844235240947
29.3626668029451	0.0106103290543049
29.3960334697666	0.0106502775786972
29.4294001365882	0.0087475607388964
29.4627668034097	0.00964094690860639
29.4961334702312	0.00941367549317986
29.5295001370528	0.00803079568460661
29.5628668038743	0.00670183047460597
29.5962334706958	0.00647898281520675
29.6296001375173	0.0044606691172743
29.6629668043389	0.00572824297149382
29.6963334711604	0.00380509913833013
29.7297001379819	0.00289698768348541
29.7630668048035	0.00364289447652268
29.796433471625	0.00330059277535464
29.8298001384465	0.00331572796627563
29.863166805268	0.0034508419383264
29.8965334720896	0.00342352995825734
29.9299001389111	0.00353959914199922
29.9632668057326	0.00521771694110533
29.9966334725542	0.00631206328714792
30.0300001393757	0.0076558792433116
30.0633668061972	0.00857111643336489
30.0967334730187	0.0101122932431243
30.1301001398403	0.00917865855618742
30.1634668066618	0.0124117679472571
30.1968334734833	0.0126215495150089
30.2302001403049	0.0124391718458228
30.2635668071264	0.0140681590174504
30.2969334739479	0.0143536444065735
30.3303001407694	0.0115420640933001
30.363666807591	0.0129207047201513
30.3970334744125	0.0136892187656977
30.430400141234	0.0109539277601459
30.4637668080556	0.0121111320093777
30.4971334748771	0.00992230897104332
30.5305001416986	0.00741502734851868
30.5638668085201	0.00630710861949546
30.5972334753417	0.00754923615014201
30.6306001421632	0.00786799792870803
30.6639668089847	0.00855596170770611
30.6973334758063	0.00834289939616749
30.7307001426278	0.00805468516903864
30.7640668094493	0.00904720033332193
30.7974334762708	0.00958888384960289
30.8308001430924	0.0109696689815694
30.8641668099139	0.0105726503323976
30.8975334767354	0.00988588437807403
30.930900143557	0.0123479830108508
30.9642668103785	0.00929315690625649
30.9976334772	0.0113820473310198
31.0310001440215	0.0096681835451297
31.0643668108431	0.010507356149627
31.0977334776646	0.008762218588245
31.1311001444861	0.00784114993087984
31.1644668113077	0.00835473203655804
31.1978334781292	0.00721010795179765
31.2312001449507	0.00795877667902682
31.2645668117722	0.0089291921897076
31.2979334785938	0.00816345740429687
31.3313001454153	0.0087470314598058
31.3646668122368	0.00962133653029838
31.3980334790584	0.0104682264457773
31.4314001458799	0.00855596170770611
31.4647668127014	0.0095605620244949
31.4981334795229	0.00901959037808844
31.5315001463445	0.0095605620244949
31.564866813166	0.0107907768104124
31.5982334799875	0.0114501426577725
31.6316001468091	0.0104714504142143
31.6649668136306	0.0101592096603846
31.6983334804521	0.0106258593940033
31.7317001472736	0.0104240522265422
31.7650668140952	0.0114080980747426
31.7984334809167	0.0116237739987926
31.8318001477382	0.0110186698804776
31.8651668145598	0.0116050472989877
31.8985334813813	0.0117229153505364
31.9319001482028	0.0130260733136838
31.9652668150243	0.0106927073778508
31.9986334818459	0.0103486299590113
32.0320001486674	0.00965765612607056
32.0653668154889	0.00994505466542641
32.0987334823105	0.00861928681132098
32.132100149132	0.0103240417472211
32.1654668159535	0.0102043216000073
32.198833482775	0.011071339295809
32.2322001495966	0.0102273574840503
32.2655668164181	0.0101570511943729
32.2989334832396	0.0118511525333539
32.3323001500612	0.0102015736646001
32.3656668168827	0.00984971572710957
32.3990334837042	0.010706583940356
32.4324001505257	0.0107093059952598
32.4657668173473	0.00891863130179883
32.4991334841688	0.00982253213046868
32.5325001509903	0.0107275754305853
32.5658668178119	0.0117266666449217
32.5992334846334	0.0163470634785171
32.6326001514549	0.0190503615923535
32.6659668182764	0.017638717987116
32.699333485098	0.0178507944531649
32.7327001519195	0.0177380146333751
32.766066818741	0.0171281013585162
32.7994334855626	0.0166260055813661
32.8328001523841	0.0198530082752287
32.8661668192056	0.0199641694542679
32.8995334860271	0.0186169696011666
32.9329001528487	0.0178664101204766
32.9662668196702	0.0175336697909313
32.9996334864917	0.0114688656361367
33.0330001533133	0.00701625606474868
33.0663668201348	0.00354426414784975
33.0997334869563	0.00209970221189424
33.1331001537778	0.000870201321028513
33.1664668205994	0.00156465688905565
33.1998334874209	0.00183253180132971
33.2332001542424	0.00266429120793562
33.266566821064	0.00232899287531982
33.2999334878855	0.00527674418450224
33.333300154707	0.00813399825727013
33.3666668215285	0.0108285669162951
33.4000334883501	0.0118752274825565
33.4334001551716	0.0140249556648179
33.4667668219931	0.0164653466503075
33.5001334888147	0.0177048142818267
33.5335001556362	0.0187350646817562
33.5668668224577	0.0190058153337112
33.6002334892792	0.020100075058877
33.6336001561008	0.0197111067423981
33.6669668229223	0.0189470142721625
33.7003334897438	0.0173432852598049
33.7337001565654	0.0171103590714428
33.7670668233869	0.0147894988401072
33.8004334902084	0.0163353994027562
33.8338001570299	0.010706583940356
33.8671668238515	0.00891863130179883
33.900533490673	0.00881509939720571
33.9339001574945	0.00813561689172333
33.9672668243161	0.008309620095054
34.0006334911376	0.00856862486209064
34.0340001579591	0.00760691484720401
34.0673668247806	0.0079597625898741
34.1007334916022	0.00727130588948472
34.1341001584237	0.00987564889589933
34.1674668252452	0.0105321970359344
34.2008334920668	0.0100034324934902
34.2342001588883	0.00993364996152153
34.2675668257098	0.010745664871465
34.3009334925313	0.0127866752416337
34.3343001593529	0.0133566382216448
34.3676668261744	0.0156177539228616
34.4010334929959	0.0135899851095892
34.4344001598175	0.0142737294352228
34.467766826639	0.0165092959020679
34.5011334934605	0.0163249925877144
34.534500160282	0.0183599675998325
34.5678668271036	0.0206659416219446
34.6012334939251	0.0190457202456494
34.6346001607466	0.0197533636989619
34.6679668275682	0.0178664101204766
34.7013334943897	0.0165908107151841
34.7347001612112	0.0150800100907304
34.7680668280327	0.0155250111185111
34.8014334948543	0.0139236519803953
34.8348001616758	0.010297959355602
34.8681668284973	0.00916355971966042
34.9015334953189	0.00884124313784155
34.9349001621404	0.00767805290976248
34.9682668289619	0.00609913491522533
35.0016334957834	0.00394675996413328
35.035000162605	0.00596726923475159
35.0683668294265	0.00998041521856049
35.101733496248	0.0113477554612291
35.1351001630696	0.014447363887356
35.1684668298911	0.0169394375109131
35.2018334967126	0.015631287502432
35.2352001635341	0.0169806219268359
35.2685668303557	0.01739888174484
35.3019334971772	0.0163673060114852
35.3353001639987	0.0154998808101791
35.3686668308203	0.0148415014458614
35.4020334976418	0.0161049627829637
35.4354001644633	0.015459740236551
35.4687668312848	0.0148897406668808
35.5021334981064	0.0130129473708595
35.5355001649279	0.0122343588272416
35.5688668317494	0.0119243961612778
35.602233498571	0.0113284820140015
35.6356001653925	0.01033965741857
35.668966832214	0.00653968123480402
35.7023334990355	0.00888834897678688
35.7357001658571	0.00725280651290305
35.7690668326786	0.00644787594729854
35.8024334995001	0.00666060509912412
35.8358001663217	0.00821939621192058
35.8691668331432	0.0076558792433116
35.9025334999647	0.00851483039384471
35.9359001667862	0.00820755117697237
35.9692668336078	0.00731789691195963
36.0026335004293	0.00802961493997333
36.0360001672508	0.00784805370175126
36.0693668340724	0.0108655738075126
36.1027335008939	0.0149133555550095
36.1361001677154	0.0153697733618382
36.1694668345369	0.0184531496123555
36.2028335013585	0.0159983858456024
36.23620016818	0.0168092973141752
36.2695668350015	0.0168618300042725
36.3029335018231	0.0143997317337001
36.3363001686446	0.0177908160945269
36.3696668354661	0.0173633685115162
36.4030335022876	0.0166434567753833
36.4364001691092	0.0161316070172339
36.4697668359307	0.0139377233032646
36.5031335027522	0.0122792370236991
36.5365001695738	0.00847245731686636
36.5698668363953	0.00834891114088226
36.6032335032168	0.00744906076849919
36.6366001700383	0.00885773018147792
36.6699668368599	0.00778380713453407
36.7033335036814	0.00842686289481344
36.7367001705029	0.00866903654587935
36.7700668373245	0.00963778282274505
36.803433504146	0.00997178325876471
36.8368001709675	0.0115869792702397
36.870166837789	0.0149039667325538
36.9035335046106	0.0147042372860437
36.9369001714321	0.0124826079476001
36.9702668382536	0.0151792659410381
37.0036335050752	0.0149843823912661
37.0370001718967	0.0146689787485722
37.0703668387182	0.0171227446121586
37.1037335055397	0.0167295531975089
37.1371001723613	0.0114629446942619
37.1704668391828	0.0102928921619461
37.2038335060043	0.00925623533688228
37.2372001728259	0.00636980657432918
37.2705668396474	0.00632232031842761
37.3039335064689	0.0064296289336177
37.3373001732904	0.00572572275946341
37.370666840112	0.00525435706736588
37.4040335069335	0.00668787111610822
37.437400173755	0.00778854098169509
37.4707668405766	0.0132311723255663
37.5041335073981	0.0261109422797475
37.5375001742196	0.0667859109161154
37.5708668410411	0.15931620962415
37.6042335078627	0.363181231067768
37.6376001746842	0.7330124125385
37.6709668415057	1.25923320518427
37.7043335083273	1.92387874278926
37.7377001751488	2.72751875352703
37.7710668419703	3.50023099595269
37.8044335087918	4.28716727042778
37.8378001756134	5.66407480026005
37.8711668424349	6.10050547965862
37.9045335092564	6.82694001141478
37.937900176078	7.18859850101297
37.9712668428995	7.33272191356448
38.004633509721	7.27833357935904
38.0380001765425	7.08430866405803
38.0713668433641	6.77199566218192
38.1047335101856	6.33972375330685
38.1381001770071	5.86964096314727
38.1714668438287	5.33281382846913
38.2048335106502	4.54527334027498
38.2382001774717	3.72067728880429
38.2715668442932	3.04314907717869
38.3049335111148	2.50459579050447
38.3383001779363	2.14905631610274
38.3716668447578	2.01887638891885
38.4050335115794	2.08350951915373
38.4384001784009	2.29276768877768
38.4717668452224	2.55796939392987
38.5051335120439	2.83552719007702
38.5385001788655	3.10192033103
38.571866845687	3.38683172458915
38.6052335125085	3.69245423446494
38.6386001793301	4.02957579821206
38.6719668461516	4.35829416634822
38.7053335129731	4.63219118940693
38.7387001797946	4.81828038412404
38.7720668466162	4.89851419502936
38.8054335134377	4.86978557505262
38.8388001802592	4.77520751115185
38.8721668470808	4.65884173343813
38.9055335139023	4.55304936399593
38.9389001807238	4.46668778548972
38.9722668475453	4.37231459855614
39.0056335143669	4.24922412384283
39.0390001811884	4.08852859989089
39.0723668480099	3.88096049398314
39.1057335148314	3.66991586634382
39.139100181653	3.49792584466975
39.1724668484745	3.39306644486122
39.205833515296	3.37110293464876
39.2392001821176	3.40859784628699
39.2725668489391	3.4736983619695
39.3059335157606	3.54005637317731
39.3393001825822	3.58207252657895
39.3726668494037	3.60642174738567
39.4060335162252	3.63367563920623
39.4394001830467	3.67852781641299
39.4727668498683	3.7585140110061
39.5061335166898	3.85201350023035
39.5395001835113	3.9470343846129
39.5728668503329	4.01990902342104
39.6062335171544	4.05685728527905
39.6396001839759	4.06804448604065
39.6729668507974	4.0590302609793
39.706333517619	4.05202352152684
39.7397001844405	4.06684607509062
39.773066851262	4.10007467879663
39.8064335180836	4.14495279635674
39.8398001849051	4.17009827408405
39.8731668517266	4.15547503507613
39.9065335185481	4.10372199936529
39.9399001853697	4.03267948736085
39.9732668521912	3.95299111879573
40.0066335190127	3.88726280413476
40.0400001858343	3.85485892258586
40.0733668526558	3.82361084024354
40.1067335194773	3.78904357630055
40.1401001862988	3.72120579026763
40.1734668531204	3.63786623646985
40.2068335199419	3.55670206421876
40.2402001867634	3.49093655589346
40.273566853585	3.47224196948314
40.3069335204065	3.52151807718481
40.340300187228	3.62408315126581
40.3736668540495	3.76322321391028
40.4070335208711	3.89116593872343
40.4404001876926	3.98679088219014
40.4737668545141	4.04531150732739
40.5071335213357	4.05388295906198
40.5405001881572	4.03130225451791
40.5738668549787	4.01243166185431
40.6072335218002	3.99747068470381
40.6406001886218	3.98445716287952
40.6739668554433	3.96904092716142
40.7073335222648	3.94500910311629
40.7407001890864	3.91483359406139
40.7740668559079	3.87114536891
40.8074335227294	3.83260393441027
40.8408001895509	3.82192331975372
40.8741668563725	3.82347406441262
40.907533523194	3.83262759944586
40.9409001900155	3.83253037265756
40.974266856837	3.8270603004108
41.0076335236586	3.81190008395053
41.0410001904801	3.79852325993787
41.0743668573016	3.79557024025363
41.1077335241232	3.80178944690062
41.1411001909447	3.82428878998404
41.1744668577662	3.85150185692962
41.2078335245877	3.85413248867163
41.2412001914093	3.85264362006797
41.2745668582308	3.81703647476978
41.3079335250523	3.76967379944533
41.3413001918739	3.71041837840961
41.3746668586954	3.66388575240242
41.4080335255169	3.64248383277886
41.4414001923384	3.65000157874904
41.47476685916	3.6780350969236
41.5081335259815	3.74408567783611
41.541500192803	3.80191598896675
41.5748668596246	3.84800354491297
41.6082335264461	3.88046112540519
41.6416001932676	3.89792359078629
41.6749668600891	3.90902145978687
41.7083335269107	3.91769199506732
41.7417001937322	3.91685343340806
41.7750668605537	3.91341593971369
41.8084335273753	3.90747174569817
41.8418001941968	3.88272999704663
41.8751668610183	3.85142902799899
41.9085335278399	3.80511277221632
41.9419001946614	3.76770016859799
41.9752668614829	3.74600277655156
42.0086335283044	3.74578267063907
42.042000195126	3.7514432753955
42.0753668619475	3.77373875273299
42.108733528769	3.79488754250287
42.1421001955906	3.83340674871928
42.1754668624121	3.89017537700382
42.2088335292336	3.96915901387807
42.2422001960551	4.06641960955547
42.2755668628767	4.1797329256107
42.3089335296982	4.27094370626028
42.3423001965197	4.32436592956594
42.3756668633413	4.32561511953631
42.4090335301628	4.26843443040048
42.4424001969843	4.1627797456164
42.4757668638058	4.03146485769773
42.5091335306274	3.88929323422914
42.5425001974489	3.76551109699879
42.5758668642704	3.66261984980638
42.609233531092	3.57098790791098
42.6426001979135	3.50877755178885
42.675966864735	3.45634639257285
42.7093335315565	3.42096499015357
42.7427001983781	3.41061521023603
42.7760668651996	3.44196128261258
42.8094335320211	3.51526072725506
42.8428001988426	3.62559262273787
42.8761668656642	3.75704416072901
42.9095335324857	3.89929283104707
42.9429001993072	4.02207111222369
42.9762668661288	4.11173431064844
43.0096335329503	4.18187393742348
43.0430001997718	4.20575440587659
43.0763668665933	4.19566057162714
43.1097335334149	4.13943895189333
43.1431002002364	4.05877315427788
43.1764668670579	3.95791117417446
43.2098335338795	3.85193900305585
43.243200200701	3.76056239081057
43.2765668675225	3.68775304100817
43.309933534344	3.64789343856708
43.3433002011656	3.63242159897041
43.3766668679871	3.64441639581319
43.4100335348086	3.66779117674155
43.4434002016302	3.70081443727979
43.4767668684517	3.74242136274552
43.5101335352732	3.77918381259154
43.5435002020947	3.80514275024696
43.5768668689163	3.82428878998404
43.6102335357378	3.83502797710399
43.6436002025593	3.84724177039021
43.6769668693809	3.8680343752734
43.7103335362024	3.88761585395256
43.7437002030239	3.90184672714653
43.7770668698454	3.91212361526656
43.810433536667	3.92313375032249
43.8438002034885	3.93563176766545
43.87716687031	3.95428598077356
43.9105335371316	3.96191721639169
43.9439002039531	3.96343427919379
43.9772668707746	3.94299633028202
44.0106335375961	3.89627547166436
44.0440002044177	3.83105648730566
44.0773668712392	3.74501056023553
44.1107335380607	3.65618732257572
44.1441002048823	3.57603647658165
44.1774668717038	3.51844992619583
44.2108335385253	3.48594682213888
44.2442002053468	3.49823530598119
44.2775668721684	3.54411814397168
44.3109335389899	3.61600006741769
44.3443002058114	3.70061705561057
44.377666872633	3.7913720644404
44.4110335394545	3.87836636418023
44.444400206276	3.96314952992154
44.4777668730976	4.04745638300514
44.5111335399191	4.12688325085328
44.5445002067406	4.19114988289231
44.5778668735621	4.22455602471349
44.6112335403837	4.23119710989192
44.6446002072052	4.20950989487106
44.6779668740267	4.15010252942305
44.7113335408482	4.06962648893839
44.7447002076698	3.98085170353672
44.7780668744913	3.89257901364652
44.8114335413128	3.81487779414392
44.8448002081344	3.75710048029553
44.8781668749559	3.70042830088911
44.9115335417774	3.66588278878035
44.9449002085989	3.64543244026432
44.9782668754205	3.62703800547312
45.011633542242	3.61448013575852
45.0450002090635	3.61055601767983
45.0783668758851	3.61025632289755
45.1117335427066	3.6281276387213
45.1451002095281	3.662428647922
45.1784668763496	3.69734116706272
45.2118335431712	3.74473147917289
45.2452002099927	3.80192155532986
45.2785668768142	3.86555814823957
45.3119335436358	3.93817922027995
45.3453002104573	4.01145807217061
45.3786668772788	4.06750757343453
45.4120335441003	4.11684000486757
45.4454002109219	4.13523053961937
45.4787668777434	4.12481775871077
45.5121335445649	4.09211329220195
45.5455002113865	4.03800003816835
45.578866878208	3.97880526437672
45.6122335450295	3.92040927613611
45.645600211851	3.85692965274028
45.6789668786726	3.80637747027919
45.7123335454941	3.76379554211446
45.7457002123156	3.72612836827263
45.7790668791372	3.69097429617619
45.8124335459587	3.68181440775568
45.8458002127802	3.68906114566113
45.8791668796017	3.73043863398361
45.9125335464233	3.79565668402904
45.9459002132448	3.86725155008318
45.9792668800663	3.94042793380258
46.0126335468879	3.9936653735996
46.0460002137094	4.0272136833964
46.0793668805309	4.03883147382563
46.1127335473524	4.02619716570376
46.146100214174	4.01242788012199
46.1794668809955	3.9838163222588
46.212833547817	3.957980522618
46.2462002146386	3.93054808229846
46.2795668814601	3.90262905084975
46.3129335482816	3.87482748346893
46.3463002151031	3.84143968703536
46.3796668819247	3.79229415314833
46.4130335487462	3.7393471087169
46.4464002155677	3.68697140482564
46.4797668823893	3.64199787788666
46.5131335492108	3.61660644231632
46.5465002160323	3.61579222324967
46.5798668828538	3.65106990820637
46.6132335496754	3.713586211286
46.6466002164969	3.80073282734374
46.6799668833184	3.89891237390057
46.71333355014	3.99142472256292
46.7467002169615	4.06335223926221
46.780066883783	4.1210464728399
46.8134335506045	4.14951268111742
46.8468002174261	4.16032817869242
46.8801668842476	4.1406777782689
46.9135335510691	4.08123897450631
46.9469002178907	4.00565082444173
46.9802668847122	3.92788544316738
47.0136335515337	3.83411485044021
47.0470002183552	3.76534534946286
47.0803668851768	3.70913323873466
47.1137335519983	3.66675502025982
47.1471002188198	3.6495568552796
47.1804668856414	3.65174932528543
47.2138335524629	3.65735056041172
47.2472002192844	3.67395745842735
47.2805668861059	3.67592573271045
47.3139335529275	3.6667711118927
47.347300219749	3.65564875394446
47.3806668865705	3.65361408572006
47.4140335533921	3.65124877186405
47.4474002202136	3.59706417120639
47.4807668870351	3.37850218747932
47.5141335538566	2.96558347081804
47.5475002206782	2.38079734702624
47.5808668874997	1.6702842021933
47.6142335543212	0.821198134304291
47.6476002211428	-0.0302052216350214
47.6809668879643	-0.974414766483305
47.7143335547858	-1.92588140895345
47.7477002216073	-2.80282524417769
47.7810668884289	-3.53386986584814
47.8144335552504	-4.13216544533881
47.8478002220719	-4.51724555538488
47.8811668888935	-4.66676491143231
47.914533555715	-4.53291937756825
47.9479002225365	-4.13213312745088
47.981266889358	-3.44831968491298
48.0146335561796	-2.50925957168544
48.0480002230011	-1.5017051024866
48.0813668898226	-0.248301727625816
48.1147335566442	0.794865138239255
48.1481002234657	1.90783999059743
48.1814668902872	2.82861316380314
48.2148335571087	3.54275001119175
48.2482002239303	4.06456647077788
48.2815668907518	4.33703345941416
48.3149335575733	4.37518604234395
48.3483002243949	4.16175097864171
48.3816668912164	3.68214350394044
48.4150335580379	2.9276516446881
48.4484002248594	2.15191501771268
48.481766891681	0.999779875857541
48.5151335585025	-0.0562254349645015
48.548500225324	-1.20687010010513
48.5818668921456	-2.16255611685308
48.6152335589671	-2.97061667885258
48.6486002257886	-3.6076865723716
48.6819668926101	-3.98488871530307
48.7153335594317	-4.10807616003029
48.7487002262532	-3.9606551299395
48.7820668930747	-3.54297458350775
48.8154335598963	-2.90720075314658
48.8488002267178	-2.11351636059556
48.8821668935393	-1.20586406533006
48.9155335603608	-0.288299538393595
48.9489002271824	0.576046198653676
48.9822668940039	1.36788799463681
49.0156335608254	1.98349086044382
49.049000227647	2.46295200461942
49.0823668944685	2.78700586895633
49.11573356129	2.94520091368339
49.1491002281115	2.92842366627076
49.1824668949331	2.74543679271743
49.2158335617546	2.40357377827254
49.2492002285761	1.92865235185823
49.2825668953977	1.34662883745539
49.3159335622192	0.697855739766095
49.3493002290407	0.00634583241295212
49.3826668958622	-0.670229121244769
49.4160335626838	-1.29799203923492
49.4494002295053	-1.832396812942
49.4827668963268	-2.25276444033019
49.5161335631484	-2.52978239540073
49.5495002299699	-2.66054511220658
49.5828668967914	-2.62453225303204
49.6162335636129	-2.41523364835632
49.6496002304345	-2.05631904608518
49.682966897256	-1.57561075294578
49.7163335640775	-1.00253249206447
49.7497002308991	-0.380762465899717
49.7830668977206	0.205520559983462
49.8164335645421	0.766992719034913
49.8498002313636	1.25439323649182
49.8831668981852	1.65839327758995
49.9165335650067	1.95464182917296
49.9499002318282	2.12149960129206
49.9832668986498	2.16770111186013
50.0166335654713	2.07796906325271
50.0500002322928	1.85988627361958
50.0833668991143	1.50838555787798
50.1167335659359	1.08232447611698
50.1501002327574	0.591305674512015
50.1834668995789	0.0584286204545135
50.2168335664005	-0.458664981876577
50.250200233222	-0.9449339217374
50.2835669000435	-1.35846584365868
50.316933566865	-1.68188335103913
50.3503002336866	-1.89363351461361
50.3836669005081	-1.99430987426802
50.4170335673296	-1.96524931003701
50.4504002341512	-1.80278004168606
50.4837669009727	-1.52817759740415
50.5171335677942	-1.15740947999934
50.5505002346157	-0.725353019154002
50.5838669014373	-0.266389422279883
50.6172335682588	0.171780689509952
50.6506002350803	0.596016567792763
50.6839669019019	0.956711232775984
50.7173335687234	1.24314491962122
50.7507002355449	1.44920656039845
50.7840669023664	1.56935882494115
50.817433569188	1.59650503961443
50.8508002360095	1.52113263720263
50.884166902831	1.35212234025315
50.9175335696526	1.10387277083707
50.9509002364741	0.7831956217777
50.9842669032956	0.418858481755003
51.0176335701171	0.0353703012911673
51.0510002369387	-0.336933477805953
51.0843669037602	-0.687129313003265
51.1177335705817	-0.979778227257584
51.1511002374033	-1.21467396778918
51.1844669042248	-1.37580989068066
51.2178335710463	-1.4517427563433
51.2512002378678	-1.43482854550649
51.2845669046894	-1.32720125825128
51.3179335715109	-1.13772616668172
51.3513002383324	-0.876761069326574
51.384666905154	-0.563050529185457
51.4180335719755	-0.233017036836566
51.451400238797	0.10555567038518
51.4847669056185	0.410112415914008
51.5181335724401	0.683617271878559
51.5515002392616	0.910003805482004
51.5848669060831	1.07468879497911
51.6182335729047	1.16723985224398
51.6516002397262	1.19512799286442
51.6849669065477	1.14333614697286
51.7183335733692	1.02094844544186
51.7517002401908	0.828643374016408
51.7850669070123	0.585959051096746
51.8184335738338	0.314795210702685
51.8518002406554	0.0212573268234011
51.8851669074769	-0.256188615342914
51.9185335742984	-0.515214621325374
51.9519002411199	-0.73903286128003
51.9852669079415	-0.914640551734545
52.018633574763	-1.02996053853539
52.0520002415845	-1.08693275693598
52.0853669084061	-1.07681335807732
52.1187335752276	-0.993284135501475
52.1521002420491	-0.851747669578415
52.1854669088706	-0.655371565088954
52.2188335756922	-0.418629924595438
52.2522002425137	-0.170278802436709
52.2855669093352	0.0717996156160444
52.3189335761568	0.307165586888634
52.3523002429783	0.508465060164988
52.3856669097998	0.674710532336572
52.4190335766213	0.792228143074087
52.4524002434429	0.861577179388904
52.4857669102644	0.889029179298193
52.5191335770859	0.843073686337712
52.5525002439075	0.755782238467173
52.585866910729	0.614403583760812
52.6192335775505	0.434291768629526
52.652600244372	0.231105026409998
52.6859669111936	0.0206728609047931
52.7193335780151	-0.187306099734977
52.7527002448366	-0.377473498740922
52.7860669116582	-0.545912801863948
52.8194335784797	-0.672988782153023
52.8528002453012	-0.763480014553167
52.8861669121227	-0.80210455925931
52.9195335789443	-0.801911011866742
52.9529002457658	-0.741107876383254
52.9862669125873	-0.634550224282668
53.0196335794089	-0.490532164476293
53.0530002462304	-0.320715586403225
53.0863669130519	-0.13620473066794
53.1197335798734	0.0483789329474671
53.153100246695	0.220422196084083
53.1864669135165	0.369994434517713
53.219833580338	0.495347941288499
53.2532002471596	0.585495642532864
53.2865669139811	0.642600625480545
53.3199335808026	0.657735767316243
53.3533002476241	0.631804248663099
53.3866669144457	0.557791519238832
53.4200335812672	0.454536542225559
53.4534002480887	0.321667803371431
53.4867669149103	0.169271639594984
53.5201335817318	0.008206203096921
53.5535002485533	-0.150061285214045
53.5868669153748	-0.285364015152721
53.6202335821964	-0.41143111599262
53.6536002490179	-0.505746476868645
53.6869669158394	-0.569428266140876
53.720333582661	-0.601143233506561
53.7537002494825	-0.595155107803787
53.787066916304	-0.555790820531287
53.8204335831255	-0.479493495782308
53.8538002499471	-0.373519273706353
53.8871669167686	-0.247448311157133
53.9205335835901	-0.111282636102793
53.9539002504117	0.0261858847796193
53.9872669172332	0.154078454396281
54.0206335840547	0.269748536709355
54.0540002508762	0.364023360356139
54.0873669176978	0.425902800994919
54.1207335845193	0.465977152617605
54.1541002513408	0.480356594003533
54.1874669181624	0.465604625982256
54.2208335849839	0.412853078792469
54.2542002518054	0.336787506982469
54.2875669186269	0.237580773759864
54.3209335854485	0.124765318352934
54.35430025227	0.00716541720189988
54.3876669190915	-0.109123578247107
54.4210335859131	-0.215834135986094
54.4544002527346	-0.305355439118214
54.4877669195561	-0.378328072962245
54.5211335863776	-0.424791635740568
54.5545002531992	-0.448183492195616
54.5878669200207	-0.44543838650352
54.6212335868422	-0.417703348215832
54.6546002536638	-0.361675146748457
54.6879669204853	-0.280006132955444
54.7213335873068	-0.186341284520329
54.7547002541283	-0.0813222893009907
54.7880669209499	0.0168207387456413
54.8214335877714	0.115647227020005
54.8548002545929	0.199337291970788
54.8881669214145	0.271377212563495
54.921533588236	0.318163979921643
54.9549002550575	0.351664167058369
54.988266921879	0.358047164591281
55.0216335887006	0.342912536202339
55.0550002555221	0.306449934744373
55.0883669223436	0.248996617089492
55.1217335891652	0.177762842754339
55.1551002559867	0.0915457394929945
55.1884669228082	0.00180507680722857
55.2218335896297	-0.0871387850605975
55.2552002564513	-0.163675515950521
55.2885669232728	-0.227481410803078
55.3219335900943	-0.281738659985844
55.3553002569159	-0.313864982696807
55.3886669237374	-0.336242437699718
55.4220335905589	-0.338635291319388
55.4554002573804	-0.315566201194293
55.488766924202	-0.27570257431788
55.5221335910235	-0.215379681297347
55.555500257845	-0.148445283130719
55.5888669246666	-0.0733918031076794
55.6222335914881	0.00283120183139351
55.6556002583096	0.0777773138307765
55.6889669251311	0.137702970484817
55.7223335919527	0.189087634428684
55.7557002587742	0.229245931068109
55.7890669255957	0.254513430371363
55.8224335924173	0.257303045857354
55.8558002592388	0.25236275280704
55.8891669260603	0.227508096633856
55.9225335928818	0.180779210040085
55.9559002597034	0.131466661843225
55.9892669265249	0.0637876611459958
56.0226335933464	-0.00126285624471457
56.0560002601679	-0.0711114177552597
56.0893669269895	-0.129534845918065
56.122733593811	-0.174211555229657
56.1561002606325	-0.217869270930846
56.1894669274541	-0.248726173343145
56.2228335942756	-0.262693028205127
56.2562002610971	-0.261831872334188
56.2895669279186	-0.251297596105721
56.3229335947402	-0.212774955446254
56.3563002615617	-0.167039168263435
56.3896669283832	-0.115561114626235
56.4230335952048	-0.0596039184581294
56.4564002620263	-0.00103419134603128
56.4897669288478	0.0513068883564038
56.5231335956693	0.107850951527204
56.5565002624909	0.14027493956706
56.5898669293124	0.170124168342903
56.6232335961339	0.188330636237286
56.6566002629555	0.192682601864187
56.689966929777	0.185654597419233
56.7233335965985	0.16935140823427
56.7567002634201	0.137359248230921
56.7900669302416	0.095669161964192
56.8234335970631	0.0460871142027569
56.8568002638846	-0.00404056151294313
56.8901669307062	-0.0491976038224179
56.9235335975277	-0.0929724142171449
56.9569002643492	-0.126599779272636
56.9902669311708	-0.155363024548354
57.0236335979923	-0.181656178644133
57.0570002648138	-0.192082355403545
57.0903669316353	-0.188879078747942
57.1237335984569	-0.183623229639379
57.1571002652784	-0.153509096330561
57.1904669320999	-0.127149812716767
57.2238335989215	-0.0917250773651501
57.257200265743	-0.0450385635302399
57.2905669325645	-0.00515094480812561
57.323933599386	0.0358244181504304
57.3573002662076	0.0697368417965484
57.3906669330291	0.0990549950163564
57.4240335998506	0.121470587159027
57.4574002666722	0.136744472944089
57.4907669334937	0.137458033881257
57.5241336003152	0.13655959093624
57.5575002671367	0.121889485138169
57.5908669339583	0.100050422722897
57.6242336007798	0.0711228326393528
57.6576002676013	0.0318783430032374
57.6909669344229	-0.00641529974509285
57.7243336012444	-0.0426942441067579
57.7577002680659	-0.0733807752599314
57.7910669348874	-0.10869097318534
57.824433601709	-0.124611213046192
57.8578002685305	-0.139587944500005
57.891166935352	-0.145637296174204
57.9245336021735	-0.148671299250405
57.9579002689951	-0.141596220910913
57.9912669358166	-0.129779381753924
58.0246336026381	-0.107186327765371
58.0580002694597	-0.0768541003384368
58.0913669362812	-0.0442072186369264
58.1247336031027	-0.00899254548190883
58.1581002699242	0.0163435184131558
58.1914669367458	0.0421097150319412
58.2248336035673	0.0684476021541347
58.2582002703888	0.0884027324137403
58.2915669372104	0.0959593505588413
58.3249336040319	0.0977851751516798
58.3583002708534	0.0987745354664211
58.3916669376749	0.0913971851556919
58.4250336044965	0.0690772967378
58.458400271318	0.0436553301973277
58.4917669381395	0.0166921413731803
58.5251336049611	-0.00903746727759581
58.5585002717826	-0.0331031307430967
58.5918669386041	-0.0613140251453126
58.6252336054256	-0.0777177385974472
58.6586002722472	-0.0974893136300396
58.6919669390687	-0.106646618571583
58.7253336058902	-0.116075680965276
58.7587002727118	-0.112430859213758
58.7920669395333	-0.107900548640319
58.8254336063548	-0.0968346774307464
58.8588002731763	-0.0810843162241447
58.8921669399979	-0.0549215686145732
58.9255336068194	-0.0279632090873442
58.9589002736409	-0.0035373723133212
58.9922669404625	0.0147138532508006
59.025633607284	0.0365028501834406
59.0590002741055	0.0484121428467796
59.0923669409271	0.0579728069344806
59.1257336077486	0.066478306389126
59.1591002745701	0.0704545423641764
59.1924669413916	0.069732618442504
59.2258336082132	0.0610255428463609
59.2592002750347	0.0499851718474613
59.2925669418562	0.0288987506182305
59.3259336086778	0.0141855067200476
59.3593002754993	-0.00638277625796719
59.3926669423208	-0.0245769817813179
59.4260336091423	-0.0413247688479185
59.4594002759639	-0.0595072116172637
59.4927669427854	-0.071363234785377
59.5261336096069	-0.0790484511964626
59.5595002764285	-0.0867320504117198
59.59286694325	-0.089987793315389
59.6262336100715	-0.0854413199810625
59.659600276893	-0.078396391997076
59.6929669437146	-0.0653448048361287
59.7263336105361	-0.0453637682468348
59.7597002773576	-0.0323723181833117
59.7930669441791	-0.0141831944500504
59.8264336110007	0.00352453182449712
59.8598002778222	0.0233280627042272
59.8931669446437	0.0291499756477243
59.9265336114653	0.0383627005073429
59.9599002782868	0.0436322397765369
59.9932669451083	0.0467298426493369
60.0266336119298	0.0454278768898492
60.0600002787514	0.0390407508273697
60.0933669455729	0.0277528600794334
60.1267336123944	0.0202501249932242
60.160100279216	0.00512256651987661
60.1934669460375	-0.0129806590811797
60.226833612859	-0.0227725052014389
60.2602002796805	-0.0365831899441585
60.2935669465021	-0.0516680188033486
60.3269336133236	-0.0577694664302846
60.3603002801451	-0.0659337646050536
60.3936669469667	-0.0714326437260055
60.4270336137882	-0.0716953627781185
60.4604002806097	-0.0675480590010669
60.4937669474312	-0.0597121664430027
60.5271336142528	-0.0511769736456483
60.5605002810743	-0.0395853767375663
60.5938669478958	-0.0283622177717039
60.6272336147174	-0.0135127151691397
60.6606002815389	0.000915429246639379
60.6939669483604	0.00880046494886374
60.7273336151819	0.0173815564452612
60.7607002820035	0.024907639901452
60.794066948825	0.0268276837353823
60.8274336156465	0.0266307014507066
60.8608002824681	0.0283516180522792
60.8941669492896	0.0237541404842198
60.9275336161111	0.0207612148240342
60.9609002829326	0.011006236816582
60.9942669497542	0.00234254028271113
61.0276336165757	-0.00728731408695547
61.0610002833972	-0.0175208551443458
61.0943669502188	-0.0297119036914327
61.1277336170403	-0.0387659699875757
61.1611002838618	-0.0442703266418018
61.1944669506833	-0.0470956516551742
61.2278336175049	-0.0522055399398977
61.2612002843264	-0.0531440112089394
61.2945669511479	-0.0489251492863168
61.3279336179695	-0.0480044399314767
61.361300284791	-0.0397413427373598
61.3946669516125	-0.0337847754465883
61.428033618434	-0.0220803402556501
61.4614002852556	-0.0158529771525732
61.4947669520771	-0.00532895468481198
61.5281336188986	0.00177289944884478
61.5615002857202	0.00990745593189592
61.5948669525417	0.0151961308635491
61.6282336193632	0.0156440895371553
61.6616002861848	0.0156110980640544
61.6949669530063	0.0158281975415701
61.7283336198278	0.0166260055813661
61.7617002866493	0.00968221386935821
61.7950669534709	0.00221335607647315
61.8284336202924	-0.00518043811871287
61.8618002871139	-0.0115321552893807
61.8951669539354	-0.0200885715184797
61.928533620757	-0.0251825902888018
61.9619002875785	-0.0315138413436505
61.9952669544	-0.0345272781708467
62.0286336212216	-0.0404489245390007
62.0620002880431	-0.0474035888790363
62.0953669548646	-0.049341225839572
62.1287336216861	-0.0491085717255989
62.1621002885077	-0.0439393114042464
62.1954669553292	-0.04206592249275
62.2288336221507	-0.035272540903576
62.2622002889723	-0.0275054164903652
62.2955669557938	-0.0192764446729828
62.3289336226153	-0.0148265278311047
62.3623002894368	-0.00252595627437433
62.3956669562584	0.000591516629293268
62.4290336230799	0.00400304066480854
62.4624002899014	0.00779196056339368
62.495766956723	0.00861714060636372
62.5291336235445	0.00905497709326861
62.562500290366	0.0058282232978864
62.5958669571875	-0.00092070660871553
62.6292336240091	-0.00283398998552754
62.6626002908306	-0.00940426019852772
62.6959669576521	-0.0150865609192728
62.7293336244737	-0.0197547551561005
62.7627002912952	-0.0277975132172352
62.7960669581167	-0.0280920329374171
62.8294336249382	-0.033249293249914
62.8628002917598	-0.0363924380631123
62.8961669585813	-0.0371200074933333
62.9295336254028	-0.0367571928767234
62.9629002922244	-0.0359000672940357
62.9962669590459	-0.0364161471263569
63.0296336258674	-0.0308508125709523
63.0630002926889	-0.0243232272737272
63.0963669595105	-0.0176651448394739
63.129733626332	-0.0163765028328752
63.1631002931535	-0.0102744501605927
63.1964669599751	-0.00672285853399438
63.2298336267966	0.00113198759878233
63.2632002936181	0.00119254754208677
63.2965669604396	0.00060202618633787
63.3299336272612	0.00124377998843529
63.3633002940827	0.00156654718007485
63.3966669609042	2.31798612653683e-05
63.4300336277258	-0.00167562681709966
63.4634002945473	-0.00630664985397246
63.4967669613688	-0.0100666321145673
63.5301336281903	-0.0132667777140983
63.5635002950119	-0.0145039403008719
63.5968669618334	-0.0218364329035394
63.6302336286549	-0.0235890308770763
63.6636002954765	-0.0274800382470672
63.696966962298	-0.0276125690727038
63.7303336291195	-0.0319825514674718
63.763700295941	-0.0333558052883665
63.7970669627626	-0.0372059372692123
63.8304336295841	-0.0316962188257552
63.8638002964056	-0.0318987189599983
63.8971669632272	-0.0284578055336866
63.9305336300487	-0.0235373572292128
63.9639002968702	-0.0183044635313198
63.9972669636917	-0.0150433989181038
64.0306336305133	-0.00979271403870803
64.0640002973348	-0.00433197704356385
64.0973669641563	-0.00434933014560508
64.1307336309779	-0.00246621827679182
64.1641002977994	-0.00115596960250308
64.1974669646209	-0.00110237189966012
64.2308336314425	-0.00479552036298724
64.264200298264	-0.00388887522249513
64.2975669650855	-0.00720281145361155
64.330933631907	-0.0100758535688307
64.3643002987286	-0.0139071094110503
64.3976669655501	-0.0175841760884604
64.4310336323716	-0.0228558641779695
64.4644002991931	-0.0286797909408367
64.4977669660147	-0.0283171689640978
64.5311336328362	-0.0294293158366037
64.5645002996577	-0.0320396809804989
64.5978669664793	-0.03521897098343
64.6312336333008	-0.0362361507539396
64.6646003001223	-0.0341337637667842
64.6979669669438	-0.0286919191757111
64.7313336337654	-0.0284215747199273
64.7647003005869	-0.0194165705707605
64.7980669674084	-0.0158173216291875
64.83143363423	-0.0175280042100407
64.8648003010515	-0.0120181020172299
64.898166967873	-0.00962852920328693
64.9315336346945	-0.00579859770101867
64.9649003015161	-0.00655438323613157
64.9982669683376	-0.00659531413684802
65.0316336351591	-0.00622642082930641
65.0650003019807	-0.00675435540696388
65.0983669688022	-0.00675435540696388
65.1317336356237	-0.00643122033319022
65.1651003024452	-0.0138374333002272
65.1984669692668	-0.0145250264918365
65.2318336360883	-0.0153954795878351
65.2652003029098	-0.01811162341608
65.2985669697314	-0.0204841666999673
65.3319336365529	-0.0211259201642596
65.3653003033744	-0.0211627342964748
65.3986669701959	-0.0220462734483831
65.4320336370175	-0.0242316663679878
65.465400303839	-0.0213923624445821
65.4987669706605	-0.0201838919980986
65.5321336374821	-0.0183005869053757
65.5655003043036	-0.0146159855899441
65.5988669711251	-0.0158030951475592
65.6322336379466	-0.0153426760482282
65.6656003047682	-0.0135082903241266
65.6989669715897	-0.0114645324328659
65.7323336384112	-0.00878375166692293
65.7657003052328	-0.00643666348770642
65.7990669720543	-0.00661929733076194
65.8324336388758	-0.00363260048788259
65.8658003056973	-0.00557062557989915
65.8991669725189	-0.0061855205479849
65.9325336393404	-0.00500787450668306
65.9659003061619	-0.00734880810367584
65.9992669729835	-0.00901263483270578
66.032633639805	-0.0125448087089064
66.0660003066265	-0.0131316579257122
66.099366973448	-0.0157697464314836
66.1327336402696	-0.017228023021364
66.1661003070911	-0.0163132752240047
66.1994669739126	-0.0219659738973341
66.2328336407342	-0.0239679709566976
66.2662003075557	-0.027165277531479
66.2995669743772	-0.0266555620338535
66.3329336411987	-0.02614687624768
66.3663003080203	-0.0241574409933713
66.3996669748418	-0.0230332858523651
66.4330336416633	-0.0192809422137881
66.4664003084849	-0.0175844003370193
66.4997669753064	-0.0146167055828038
66.5331336421279	-0.0139599989327213
66.5665003089494	-0.0141443589587889
66.599866975771	-0.0141583101250109
66.6332336425925	-0.0130423801692325
66.666600309414	-0.0126157320999848
66.6999669762356	-0.0100094380204787
66.7333336430571	-0.00914193540894768
66.7667003098786	-0.0117086136037682
66.8000669767001	-0.015072186379985
66.8334336435217	-0.0145213801643492
66.8668003103432	-0.0128390962099993
66.9001669771647	-0.0139910317807413
66.9335336439863	-0.014036407155884
66.9669003108078	-0.0156593213458072
67.0002669776293	-0.0162683324185056
67.0336336444508	-0.0163942070456972
67.0670003112724	-0.0180703469587839
67.1003669780939	-0.0197048946086055
67.1337336449154	-0.0214199254388878
67.167100311737	-0.0194356476500786
67.2004669785585	-0.0201024872611903
67.23383364538	-0.0211857528170029
67.2672003122015	-0.0175289490409887
67.3005669790231	-0.0179730195822371
67.3339336458446	-0.0182613129925001
67.3673003126661	-0.0178532551037726
67.4006669794877	-0.0187176557440161
67.4340336463092	-0.0174707686753306
67.4674003131307	-0.0160767438303246
67.5007669799522	-0.015846690675772
67.5341336467738	-0.0142616433390191
67.5675003135953	-0.0131604946902441
67.6008669804168	-0.0123309227573133
67.6342336472384	-0.0117208650284293
67.6676003140599	-0.0127154304226808
67.7009669808814	-0.0153012763678532
67.7343336477029	-0.0142537465569932
67.7677003145245	-0.015229841153005
67.801066981346	-0.0141822717059408
67.8344336481675	-0.0159895871288428
67.8678003149891	-0.0142616433390191
67.9011669818106	-0.0163666119817837
67.9345336486321	-0.0181546848011799
67.9679003154536	-0.0198416778214998
68.0012669822752	-0.0196604875583921
68.0346336490967	-0.01929672767545
68.0680003159182	-0.0191393844111346
68.1013669827398	-0.0181227217112171
68.1347336495613	-0.0171036950402008
68.1681003163828	-0.0174806805033856
68.2014669832043	-0.015258459211088
68.2348336500259	-0.0134427470315761
68.2682003168474	-0.0128488113090215
68.3015669836689	-0.0109136776261944
68.3349336504905	-0.0084616126362653
68.368300317312	-0.00889337791629207
68.4016669841335	-0.00979271403870803
68.435033650955	-0.0071513086428151
68.4684003177766	-0.00476259105622262
68.5017669845981	-0.0080093304477889
68.5351336514196	-0.00822915014524096
68.5685003182411	-0.0126487664122972
68.6018669850627	-0.0142521212890641
68.6352336518842	-0.0123818167415384
68.6686003187057	-0.0159978709811701
68.7019669855273	-0.0157008994502788
68.7353336523488	-0.0187304770282616
68.7687003191703	-0.018322275055918
68.8020669859919	-0.017060418990213
68.8354336528134	-0.0183664867290163
68.8688003196349	-0.016926709540732
68.9021669864564	-0.016926709540732
68.935533653278	-0.0149302480716388
68.9689003200995	-0.0143224617953786
69.002266986921	-0.0120165698678094
69.0356336537426	-0.0113232506077102
69.0690003205641	-0.0107616992236844
69.1023669873856	-0.0128647025659585
69.1357336542071	-0.0118569564605038
69.1691003210287	-0.0113162581339533
69.2024669878502	-0.01131407529823
69.2358336546717	-0.0116884553493224
69.2692003214933	-0.00973585145534983
69.3025669883148	-0.00892571364278626
69.3359336551363	-0.0126157320999848
69.3693003219578	-0.0154902614513397
69.4026669887794	-0.0137915937535443
69.4360336556009	-0.0118967315911026
69.4694003224224	-0.0132745543925494
69.502766989244	-0.0133337020141603
69.5361336560655	-0.0130680581722689
69.569500322887	-0.0139890367166841
69.6028669897085	-0.0141187932748578
69.6362336565301	-0.0155888200630674
69.6696003233516	-0.0149028075716477
69.7029669901731	-0.0161801157316977
69.7363336569947	-0.0152964851967048
69.7697003238162	-0.0163603810521427
69.8030669906377	-0.0163685733700701
69.8364336574592	-0.0154891849165955
69.8698003242808	-0.0144159430810735
69.9031669911023	-0.017395727876962
69.9365336579238	-0.0131185527823361
69.9699003247454	-0.0143927878025092
70.0032669915669	-0.0151243541608288
70.0366336583884	-0.0148328062960394
70.0700003252099	-0.0112724335090201
70.1033669920315	-0.0120507327373467
70.136733658853	-0.00960546059748307
70.1701003256745	-0.0107326033914577
70.2034669924961	-0.0120868508006607
70.2368336593176	-0.0111279885523314
70.2702003261391	-0.00996823578209439
70.3035669929606	-0.0115339959966958
70.3369336597822	-0.0116438025547232
70.3703003266037	-0.0122742791112163
70.4036669934252	-0.0158916898939097
70.4370336602468	-0.0174863545192396
70.4704003270683	-0.0178748908243458
70.5037669938898	-0.0178568612296619
70.5371336607113	-0.0184798724997838
70.5705003275329	-0.0184035342776661
70.6038669943544	-0.0186004705342939
70.6372336611759	-0.018710176661536
70.6706003279974	-0.0201288469947921
70.703966994819	-0.0194732056499351
70.7373336616405	-0.015631287502433
70.770700328462	-0.0173389984456298
70.8040669952836	-0.019073327663441
70.8374336621051	-0.0188616486281896
70.8708003289266	-0.0197048946086055
70.9041669957482	-0.0185337196268987
70.9375336625697	-0.0182446141023931
70.9709003293912	-0.0175298553074079
71.0042669962127	-0.019925779416544
71.0376336630343	-0.0187194597438104
71.0710003298558	-0.0192164170511012
71.1043669966773	-0.0181145239238874
71.1377336634988	-0.0193714696035899
71.1711003303204	-0.0185140909953822
71.2044669971419	-0.0179619791545196
71.2378336639634	-0.0152480411328274
71.271200330785	-0.0150457937832393
71.3045669976065	-0.0120266445261964
71.337933664428	-0.0100666321145673
71.3713003312496	-0.0135085612021219
71.4046669980711	-0.013120808379129
71.4380336648926	-0.011868717448435
71.4714003317141	-0.0127154304226808
71.5047669985357	-0.011178739483125
71.5381336653572	-0.0142205032389041
71.5715003321787	-0.0161559369750691
71.6048669990003	-0.0190387888455865
71.6382336658218	-0.021604743969727
71.6716003326433	-0.0217032117669444
71.7049669994648	-0.0203331374982147
71.7383336662864	-0.0201399024423867
71.7717003331079	-0.0206472589357236
71.8050669999294	-0.020935473446186
71.838433666751	-0.0200638905478844
71.8718003335725	-0.0212175992288713
71.905167000394	-0.0170559923484792
71.9385336672155	-0.0141583101250109
71.9719003340371	-0.0133102785091555
72.0052670008586	-0.0146463148585309
72.0386336676801	-0.0129016415044942
72.0720003345017	-0.013217602902222
72.1053670013232	-0.0151910481163888
72.1387336681447	-0.0182446141023931
72.1721003349662	-0.0174845419863977
72.2054670017878	-0.017178626719161
72.2388336686093	-0.0161639780632052
72.2722003354308	-0.0166085543873386
72.3055670022523	-0.0162069851499338
72.3389336690739	-0.0161265604121265
72.3723003358954	-0.0173465966673435
72.4056670027169	-0.0171972022193717
72.4390336695385	-0.0161485307762429
72.47240033636	-0.0179099148216338
72.5057670031815	-0.017693596734969
72.5391336700031	-0.0191548201735484
72.5725003368246	-0.020746980025962
72.6058670036461	-0.0213267172454247
72.6392336704676	-0.0194719395900447
72.6726003372892	-0.0204959810128261
72.7059670041107	-0.0211969714393715
72.7393336709322	-0.0201421332517675
72.7727003377537	-0.0198321506325716
72.8060670045753	-0.0196221164178407
72.8394336713968	-0.0182989862506475
72.8728003382183	-0.0188648794557646
72.9061670050399	-0.0177065772585111
72.9395336718614	-0.0162768531918787
72.9729003386829	-0.0159718216239092
73.0062670055045	-0.0152174448819123
73.039633672326	-0.0126162890738552
73.0730003391475	-0.0140521953743468
73.106367005969	-0.0133740970407141
73.1397336727906	-0.0138096676319597
73.1731003396121	-0.0130937050315581
73.2064670064336	-0.0116997823684888
73.2398336732551	-0.0137653261481107
73.2732003400767	-0.0145129904100398
73.3065670068982	-0.015845687893642
73.3399336737197	-0.0147196566927956
73.3733003405413	-0.0161485307762429
73.4066670073628	-0.0173513208221196
73.4400336741843	-0.0170173025373811
73.4734003410059	-0.0167296220456579
73.5067670078274	-0.0170056598748029
73.5401336746489	-0.0160131576777259
73.5735003414704	-0.0188825752067857
73.606867008292	-0.0194840097983241
73.6402336751135	-0.018742264337965
73.673600341935	-0.0163891679470717
73.7069670087565	-0.016152330310537
73.7403336755781	-0.0148142577346556
73.7737003423996	-0.0133875882121363
73.8070670092211	-0.0142958287631207
73.8404336760427	-0.0139333437361343
73.8738003428642	-0.0134317651851804
73.9071670096857	-0.0136710004842419
73.9405336765073	-0.0128478811660064
73.9739003433288	-0.0136408380246521
74.0072670101503	-0.0145039403008719
74.0406336769718	-0.0142307157716727
74.0740003437934	-0.0139910317807413
74.1073670106149	-0.0140955823249542
74.1407336774364	-0.0157626941940281
74.174100344258	-0.0157951111087235
74.2074670110795	-0.0153719308697832
74.240833677901	-0.0162850634917264
74.2742003447225	-0.0161913694815467
74.3075670115441	-0.0165588804766891
74.3409336783656	-0.0177692272105833
74.3743003451871	-0.0172563580430212
74.4076670120086	-0.0157175388228154
74.4410336788302	-0.0178553056459449
74.4744003456517	-0.018447581593493
74.5077670124732	-0.0188607209648264
74.5411336792948	-0.0158023761868483
74.5745003461163	-0.0141082392361006
74.6078670129378	-0.0149583755944278
74.6412336797594	-0.0157990585245725
74.6746003465809	-0.0156561620704519
74.7079670134024	-0.0142665905662437
74.7413336802239	-0.0150542648764465
74.7747003470455	-0.0140055933478786
74.808067013867	-0.013299000525258
74.8414336806885	-0.0138854556823912
74.87480034751	-0.0121981712081194
74.9081670143316	-0.0119622241137353
74.9415336811531	-0.0115980586463099
74.9749003479746	-0.0146174653542751
75.0082670147962	-0.0135158584078035
75.0416336816177	-0.0153719308697832
75.0750003484392	-0.0158916898939097
75.1083670152608	-0.0180518647590725
75.1417336820823	-0.0197048946086055
75.1751003489038	-0.0201715000259737
75.2084670157253	-0.0219137425782296
75.2418336825469	-0.0205356480225945
75.2752003493684	-0.0210828587852777
75.3085670161899	-0.0181979464717078
75.3419336830114	-0.0177572959751938
75.375300349833	-0.018074894587548
75.4086670166545	-0.0168222424766342
75.442033683476	-0.0154832064906367
75.4754003502976	-0.0152243134280384
75.5087670171191	-0.0159009180477995
75.5421336839406	-0.0157055129077884
75.5755003507622	-0.010672235141026
75.6088670175837	-0.0129737197247639
75.6422336844052	-0.0138611256501706
75.6756003512267	-0.0141301011735224
75.7089670180483	-0.0150039877934833
75.7423336848698	-0.0140045511898181
75.7757003516913	-0.0152871979927561
75.8090670185128	-0.0141956869856897
75.8424336853344	-0.014720373477614
75.8758003521559	-0.013235299751809
75.9091670189774	-0.010968735631114
75.942533685799	-0.015084810887396
75.9759003526205	-0.0111361087012633
76.009267019442	-0.00998425378972305
76.0426336862635	-0.0105730562390044
76.0760003530851	-0.0120577246648413
76.1093670199066	-0.0140207914862486
76.1427336867281	-0.0144401106122328
76.1761003535497	-0.0152023186454914
76.2094670203712	-0.013217602902222
76.2428336871927	-0.0141222933387308
76.2762003540143	-0.0122788886747952
76.3095670208358	-0.0134831059916108
76.3429336876573	-0.0166929379558656
76.3763003544788	-0.0145606225635044
76.4096670213004	-0.0154646145941892
76.4430336881219	-0.0112756276235353
76.4764003549434	-0.0134956297221849
76.5097670217649	-0.0127691105829282
76.5431336885865	-0.0117600683216744
76.576500355408	-0.0139579837099502
76.6098670222295	-0.0146439151525254
76.6432336890511	-0.0144359226559482
76.6766003558726	-0.0136354285177064
76.7099670226941	-0.015510948375737
76.7433336895157	-0.0131185527823361
76.7767003563372	-0.0137457542067908
76.8100670231587	-0.0149681420953893
76.8434336899802	-0.0143365750261377
76.8768003568018	-0.013034172425508
76.9101670236233	-0.0156925866568706
76.9435336904448	-0.0184727914469305
76.9769003572663	-0.0191057594800004
77.0102670240879	-0.0208716313880523
77.0436336909094	-0.0197048946086055
77.0770003577309	-0.0205300062338205
77.1103670245525	-0.0227168508257169
77.143733691374	-0.0260499381014421
77.1771003581955	-0.0260995087444794
77.2104670250171	-0.0261668204595108
77.2438336918386	-0.0208956981537363
77.2772003586601	-0.0168204245331951
77.3105670254816	-0.024032890893358
77.3439336923032	-0.0227403836271331
77.3773003591247	-0.024387651993634
77.4106670259462	-0.0262700317553307
77.4440336927677	-0.0292848399489225
77.4774003595893	-0.0289455280176821
77.5107670264108	-0.0249552095454618
77.5441336932323	-0.0219153787618169
77.5775003600539	-0.0223509421118147
77.6108670268754	-0.0214791230321764
77.6442336936969	-0.0232658172732244
77.6776003605185	-0.018322275055918
77.71096702734	-0.0145722343819985
77.7443336941615	-0.0146236509684713
77.777700360983	-0.0161665405687917
77.8110670278046	-0.0156426953888717
77.8444336946261	-0.0163309084217138
77.8778003614476	-0.0216386613189777
77.9111670282691	-0.0209162606624183
77.9445336950907	-0.0219051921994773
77.9779003619122	-0.0171173552929923
78.0112670287337	-0.0156140629466141
78.0446336955553	-0.0164568358428145
78.0780003623768	-0.0160372192796893
78.1113670291983	-0.015491971241815
78.1447336960198	-0.0156472669096277
78.1781003628414	-0.0153449292604957
78.2114670296629	-0.0172753990830012
78.2448336964844	-0.0156213153911713
78.278200363306	-0.0157874723256188
78.3115670301275	-0.0153253398576623
78.344933696949	-0.0139427131379445
78.3783003637705	-0.0132443546238397
78.4116670305921	-0.0115396349889463
78.4450336974136	-0.0133821281368117
78.4784003642351	-0.0166598395289383
78.5117670310567	-0.0195716734576831
78.5451336978782	-0.0249893328479092
78.5785003646997	-0.0262972802775115
78.6118670315212	-0.0182613129925001
78.6452336983428	-0.0082021522389724
78.6786003651643	-0.0049173429665069
78.7119670319858	-0.00265258237728456
78.7453336988074	-0.00473971468685248
78.7787003656289	-0.00773100397617854
78.8120670324504	-0.00950959772434662
78.845433699272	-0.00731953168467724
78.8788003660935	-0.00739910298265375
78.912167032915	-0.00244048890469136
78.9455336997365	-0.00178628828818037
78.9789003665581	0.000630216288433603
79.0122670333796	0.0155365524452924
79.0456337002011	0.0453608433287261
