0	0
0.0333666668215285	0.00498077301630649
0.0667333336430571	-0.00329234530336765
0.100100000464586	-0.00189594729054648
0.133466667286114	0.000113284962190555
0.166833334107643	0.000770824435293447
0.200200000929171	0.00795285234394472
0.2335666677507	0.00893415300324774
0.266933334572228	0.00253647636758631
0.300300001393757	0.00268465640397132
0.333666668215285	0.00389232697561331
0.367033335036814	0.00455499969765122
0.400400001858343	0.00929970535523519
0.433766668679871	0.00907575009865415
0.4671333355014	0.0131935150209255
0.500500002322928	0.0130248870813661
0.533866669144457	0.0123297738616655
0.567233335965985	0.0099317369223091
0.600600002787514	0.0100221407371174
0.633966669609042	0.0127041130338977
0.667333336430571	0.0138044528394564
0.700700003252099	0.0116733812012879
0.734066670073628	0.00750333428134754
0.767433336895156	0.00112072274396681
0.800800003716685	0.00458201121676555
0.834166670538214	0.00679354302313825
0.867533337359742	0.0083907706853558
0.900900004181271	0.00788209688226242
0.934266671002799	0.0094563898150477
0.967633337824328	0.00908279258185886
1.00100000464586	0.0101941808927517
1.03436667146738	0.0107114338749864
1.06773333828891	0.00822525288819596
1.10110000511044	0.00839118287290755
1.13446667193197	0.00621772039053992
1.1678333387535	0.00868137293249331
1.20120000557503	0.00557574174302602
1.23456667239656	0.0016590803846039
1.26793333921808	0.00109483529431603
1.30130000603961	-0.00423326521850066
1.33466667286114	-0.00233696556527691
1.36803333968267	0.00109931029135794
1.4014000065042	0.001418457478803
1.43476667332573	0.00190111580995207
1.46813334014726	0.0022517253067953
1.50150000696878	0.00523041099181002
1.53486667379031	0.00534896178441459
1.56823334061184	0.00761290849235123
1.60160000743337	0.00772882136045283
1.6349666742549	0.0092302968057852
1.66833334107643	0.0109987753240674
1.70170000789796	0.0105703965422165
1.73506667471948	0.00766363899023265
1.76843334154101	0.003469495826638
1.80180000836254	0.00173564951198428
1.83516667518407	0.000624121030641124
1.8685333420056	0.00101336928615337
1.90190000882713	0.000819631377365961
1.93526667564866	0.00164804947829238
1.96863334247018	0.000435111109912766
2.00200000929171	-0.00104775612292623
2.03536667611324	-0.00423271185821826
2.06873334293477	-0.00143513089486097
2.1021000097563	-0.00222822204087841
2.13546667657783	0.000113226499143461
2.16883334339936	0.00250158128230794
2.20220001022088	0.00462302538501332
2.23556667704241	0.00699318143774722
2.26893334386394	0.00595978248648503
2.30230001068547	0.00376095480119518
2.335666677507	0.00232159312396224
2.36903334432853	0.00325395147322928
2.40240001115006	0.00486514465545064
2.43576667797158	0.00332252485023167
2.46913334479311	0.0035531438750801
2.50250001161464	0.00207589384001628
2.53586667843617	-0.00232566256614907
2.5692333452577	-0.00217740618950786
2.60260001207923	-0.00118120524659383
2.63596667890075	-0.00168076542215306
2.66933334572228	0.000274405752260974
2.70270001254381	0.000493647448095918
2.73606667936534	0.00174149794254383
2.76943334618687	0.00140779156620018
2.8028000130084	0.000801820871193299
2.83616667982993	0.00244579232450101
2.86953334665145	0.00289222537810761
2.90290001347298	0.00338888717923939
2.93626668029451	0.00250995463204423
2.96963334711604	0.00518837535975147
3.00300001393757	0.00534864513779999
3.0363666807591	0.00440347895818078
3.06973334758063	0.000457761283269019
3.10310001440215	-0.000560038083919342
3.13646668122368	0.000281085183858656
3.16983334804521	0.00261234513489324
3.20320001486674	0.000942375472586425
3.23656668168827	0.00315734671430788
3.2699333485098	0.00259137967060493
3.30330001533133	0.00142695818856412
3.33666668215285	-0.000667361856789207
3.37003334897438	0.00319837380734826
3.40340001579591	0.00320204310851014
3.43676668261744	0.00785297855220487
3.47013334943897	0.00469698899337205
3.5035000162605	0.00897118709433159
3.53686668308203	0.00926415739233964
3.57023334990355	0.00330672299186159
3.60360001672508	0.00290564764056755
3.63696668354661	0.000184139934783581
3.67033335036814	0.000528529855674978
3.70370001718967	0.00127873477591692
3.7370666840112	0.00287720420884133
3.77043335083273	0.00102545170997923
3.80380001765425	0.000510179520384715
3.83716668447578	-0.00386152254604294
3.87053335129731	-0.0024196573611096
3.90390001811884	-0.00238173805205107
3.93726668494037	-0.000714553336417584
3.9706333517619	0.00336334783792673
4.00400001858343	0.00424754976726093
4.03736668540495	0.00682126921687779
4.07073335222648	0.00588263593799544
4.10410001904801	0.00678804609351181
4.13746668586954	0.00206757108179696
4.17083335269107	0.00317525867123489
4.2042000195126	0.00335909731854721
4.23756668633412	0.00381463282663584
4.27093335315565	0.00210584346357517
4.30430001997718	0.000634212013951611
4.33766668679871	-0.00189294947434808
4.37103335362024	-0.00087122502481428
4.40440002044177	-0.00012509546803901
4.4377666872633	-0.00116928060388931
4.47113335408482	0.00054488271946249
4.50450002090635	0.00372016859283435
4.53786668772788	0.00380359500651758
4.57123335454941	0.00294245167687977
4.60460002137094	0.00261439452662042
4.63796668819247	0.00225246434860129
4.671333355014	0.00477643649447168
4.70470002183552	0.00635266865613563
4.73806668865705	0.00686764303316494
4.77143335547858	0.00787388309688166
4.80480002230011	0.00763464888683947
4.83816668912164	0.00378786903642218
4.87153335594317	0.00101760298949695
4.9049000227647	-0.000333505496285881
4.93826668958622	-0.000605009392695213
4.97163335640775	0.00160980617996376
5.00500002322928	0.00350763763664467
5.03836669005081	0.00160514029460574
5.07173335687234	0.00161005688996548
5.10510002369387	0.00123428295010088
5.1384666905154	0.001451612822595
5.17183335733692	0.00177912484897679
5.20520002415845	0.00260641139031609
5.23856669097998	0.00394670622271017
5.27193335780151	0.00682079202411609
5.30530002462304	0.00481127192475465
5.33866669144457	0.00279254647517329
5.3720333582661	0.00413315211521501
5.40540002508762	0.00231190318454589
5.43876669190915	0.00111777203946757
5.47213335873068	0.0013597028726237
5.50550002555221	0.00125058986072476
5.53886669237374	0.000238500434752456
5.57223335919527	0.000596910231675629
5.60560002601679	0.000707554807187145
5.63896669283832	0.00115621609487886
5.67233335965985	0.000806252506135255
5.70570002648138	0.00301822479701483
5.73906669330291	0.00702052281850726
5.77243336012444	0.0052526236678669
5.80580002694597	0.00762277669932079
5.83916669376749	0.00958311409440348
5.87253336058902	0.00524690682412662
5.90590002741055	0.00356658901760044
5.93926669423208	0.00289653377846146
5.97263336105361	0.00208124606881796
6.00600002787514	0.00452827650834297
6.03936669469667	0.00238265333517101
6.07273336151819	0.00145837706792342
6.10610002833972	0.0010317446709922
6.13946669516125	0.00228413731767586
6.17283336198278	0.00153361842527526
6.20620002880431	0.0007132644642565
6.23956669562584	0.00194734441629225
6.27293336244737	0.00167904026196614
6.30630002926889	0.00188639184174785
6.33966669609042	0.00129192573747207
6.37303336291195	0.00219212470320408
6.40640002973348	0.00348095274747042
6.43976669655501	0.0015934753067952
6.47313336337654	0.00718069636312134
6.50650003019807	0.00497354277738947
6.53986669701959	0.00586280177783577
6.57323336384112	0.00443536342306246
6.60660003066265	0.000711200138527645
6.63996669748418	0.000865777328003559
6.67333336430571	-0.00413744154785464
6.70670003112724	-0.00506910671543851
6.74006669794877	-0.00269645447982906
6.77343336477029	0.000643092464507722
6.80680003159182	0.00038598710412514
6.84016669841335	0.00129639429829687
6.87353336523488	0.000321437063377988
6.90690003205641	-0.00210138274783982
6.94026669887794	0.00193592337188321
6.97363336569947	0.00184493018976956
7.00700003252099	0.00545065589405615
7.04036669934252	0.0110066194818179
7.07373336616405	0.00905845471044626
7.10710003298558	0.00861221462676643
7.14046669980711	0.00911458294094568
7.17383336662864	0.00336795911391112
7.20720003345017	0.00333518791716645
7.24056670027169	0.00197983207833298
7.27393336709322	0.000673845404756396
7.30730003391475	-0.000840711743850554
7.34066670073628	-0.000293000866570087
7.37403336755781	-0.00261284399785901
7.40740003437934	-0.00227847861551423
7.44076670120087	-0.00437211391205387
7.47413336802239	-0.00421663281518331
7.50750003484392	-0.00111442559206647
7.54086670166545	0.000524990981450028
7.57423336848698	0.000897729315533911
7.60760003530851	0.00134658984976379
7.64096670213004	0.00343996622317791
7.67433336895157	0.000534786482331902
7.70770003577309	0.000103874164994779
7.74106670259462	-0.00134208144625998
7.77443336941615	-0.000237395593388905
7.80780003623768	5.99913540593086e-05
7.84116670305921	0.000730795218993141
7.87453336988074	0.000235945181900251
7.90790003670226	-0.000216045678421043
7.94126670352379	-0.000298362347416548
7.97463337034532	-0.000561989136194161
8.00800003716685	-0.000711751808651041
8.04136670398838	0.000383207922351513
8.07473337080991	-0.000177178004554592
8.10810003763144	0.00195138595144785
8.14146670445296	0.00372214117735573
8.17483337127449	0.00242400204074852
8.20820003809602	0.00271656329972718
8.24156670491755	0.0026442532395763
8.27493337173908	0.00395583709302031
8.30830003856061	0.00504693354037121
8.34166670538213	0.00130019641745181
8.37503337220366	0.000175076054149421
8.40840003902519	-0.000338211535953126
8.44176670584672	-0.00168095404939766
8.47513337266825	0.000855151865908056
8.50850003948978	-0.00353841915772315
8.54186670631131	0.000952667525294119
8.57523337313284	0.000754592869625193
8.60860003995436	0.000540004642844833
8.64196670677589	0.00109669600022416
8.67533337359742	0.000965043829223718
8.70870004041895	0.00146043544964151
8.74206670724048	0.000853252956402234
8.77543337406201	0.00340134327182801
8.80880004088353	0.00546176882341104
8.84216670770506	0.00736037940899701
8.87553337452659	0.00512342472407958
8.90890004134812	0.00451589137298458
8.94226670816965	0.00236379017909601
8.97563337499118	0.00146108203107845
9.00900004181271	0.00158300583269811
9.04236670863424	-0.00272046924618744
9.07573337545576	-0.0015666648401714
9.10910004227729	-0.000211085241745306
9.14246670909882	-0.00351388086057017
9.17583337592035	-0.00283210168676924
9.20920004274188	-0.00315213215564684
9.24256670956341	-0.00546722076700162
9.27593337638493	-0.00107768892204353
9.30930004320646	-8.72457148725485e-05
9.34266671002799	0.00149397800222009
9.37603337684952	0.00117998168059245
9.40940004367105	0.00202525022796506
9.44276671049258	0.00471714955952922
9.47613337731411	0.00600317223880554
9.50950004413563	0.00475115778602997
9.54286671095716	0.00608737599995275
9.57623337777869	0.00876881076059869
9.60960004460022	0.00671579198213469
9.64296671142175	0.00687690646625033
9.67633337824328	0.00352457311671441
9.70970004506481	0.00224092924148911
9.74306671188633	-0.00073589651486669
9.77643337870786	-0.00168941763057402
9.80980004552939	-0.00236241000629511
9.84316671235092	-0.00179956594802775
9.87653337917245	0.00132040987964666
9.90990004599398	-0.000155560893131287
9.94326671281551	0.00351189250938761
9.97663337963703	0.0011238983517601
10.0100000464586	0.00346075638626798
10.0433667132801	0.00761857912320206
10.0767333801016	0.00694078803245065
10.1101000469231	0.00825347973969528
10.1434667137447	0.0042087433481812
10.1768333805662	0.00285352565422049
10.2102000473877	0.00266970797667953
10.2435667142093	0.00210143149477457
10.2769333810308	0.00222167922621156
10.3103000478523	0.00280487215104165
10.3436667146738	0.00197938361138572
10.3770333814954	0.000840502285919181
10.4104000483169	-0.00199320591938138
10.4437667151384	-0.00173241518892718
10.47713338196	-0.000158477754535375
10.5105000487815	0.00366522780645954
10.543866715603	0.00361281090640698
10.5772333824245	0.0033215288086572
10.6106000492461	0.00834709091441204
10.6439667160676	0.0067033136563572
10.6773333828891	0.00538670598683646
10.7107000497107	0.00373438476425537
10.7440667165322	0.00109062607597318
10.7774333833537	0.000646235703915864
10.8108000501752	0.00014960720858927
10.8441667169968	-9.86649557139461e-05
10.8775333838183	0.000286784121568464
10.9109000506398	-0.000913200654385869
10.9442667174614	-9.1602845276316e-05
10.9776333842829	-0.000806683798869332
11.0110000511044	-0.0028462441705265
11.0443667179259	-0.00294583073174274
11.0777333847475	0.00317639980456431
11.111100051569	0.00315262527879836
11.1444667183905	0.00431300009632494
11.1778333852121	0.00675841141933224
11.2112000520336	0.00799413290295435
11.2445667188551	0.00549771368003337
11.2779333856766	0.00406499041173839
11.3113000524982	0.00413472477999583
11.3446667193197	0.00156049562101054
11.3780333861412	0.000364492734439705
11.4114000529628	-0.00174153313257775
11.4447667197843	-2.1511749742333e-05
11.4781333866058	-0.000213995383096976
11.5115000534273	-0.00243867965535864
11.5448667202489	-0.000681086758472494
11.5782333870704	-0.000446024309449437
11.6116000538919	0.00179784600988161
11.6449667207135	0.000176663639417237
11.678333387535	0.000397721326914194
11.7117000543565	0.00438438956714132
11.745066721178	0.00505627313649997
11.7784333879996	0.00755756024322585
11.8118000548211	0.00768086264394023
11.8451667216426	0.00844045749439103
11.8785333884642	0.00818957145306421
11.9119000552857	0.00561172789534158
11.9452667221072	0.00535816996477048
11.9786333889287	0.00238639532088626
12.0120000557503	0.00229319617264756
12.0453667225718	-0.00213258937506452
12.0787333893933	0.00115559080241337
12.1121000562149	0.000226880267792761
12.1454667230364	0.000614545216165798
12.1788333898579	-0.000949723685190084
12.2122000566794	0.00264201560068082
12.245566723501	0.00154328956117827
12.2789333903225	0.00398679954596077
12.312300057144	0.00075659037514097
12.3456667239656	0.00415471329757835
12.3790333907871	0.00590591387715037
12.4124000576086	0.00418581635237405
12.4457667244301	0.00461860393244193
12.4791333912517	0.00452041765689856
12.5125000580732	0.00371187337748004
12.5458667248947	0.00213497622143524
12.5792333917163	0.000274403143826165
12.6126000585378	-2.47578679422924e-05
12.6459667253593	0.00132076875707611
12.6793333921808	0.000334601849795044
12.7127000590024	-0.000158228480117727
12.7460667258239	-0.000558995892487813
12.7794333926454	-0.000847355015105531
12.812800059467	6.02690114455732e-06
12.8461667262885	-0.000382523174918876
12.87953339311	0.00141944153174594
12.9129000599315	0.00206469029136412
12.9462667267531	0.00533165080723272
12.9796333935746	0.00609083101913119
13.0130000603961	0.00835483994741424
13.0463667272177	0.00612453364164858
13.0797333940392	0.00656984027010553
13.1131000608607	0.003059954991478
13.1464667276822	0.00372698237924363
13.1798333945038	0.00546371608074322
13.2132000613253	0.00150298548922792
13.2465667281468	0.00145353667869837
13.2799333949684	0.00126901453657474
13.3133000617899	0.000106831531767233
13.3466667286114	-0.0011835578038783
13.3800333954329	0.000499717409194563
13.4134000622545	-0.000463027557360323
13.446766729076	-0.000245438038352323
13.4801333958975	0.0019825928727589
13.5135000627191	0.000901775628863285
13.5468667295406	0.00513554633512769
13.5802333963621	0.00153898415831436
13.6136000631836	0.00167891896351574
13.6469667300052	0.00344288438987064
13.6803333968267	0.00368872280498622
13.7137000636482	0.00542214010216259
13.7470667304698	0.00199536923295115
13.7804333972913	0.0021164000050177
13.8138000641128	0.000388212643510381
13.8471667309343	-0.00341151395328789
13.8805333977559	-0.00469626650510961
13.9139000645774	-0.00238897476720591
13.9472667313989	-0.000191609244659243
13.9806333982205	-0.00126153719489798
14.014000065042	-0.00100753906206032
14.0473667318635	-0.00277479255281484
14.080733398685	-0.00222778041064653
14.1141000655066	-0.00487009216600506
14.1474667323281	-0.000905129761457493
14.1808333991496	0.000236697963605203
14.2142000659712	0.00073199019120777
14.2475667327927	0.00310022708551683
14.2809333996142	0.00019954963942565
14.3143000664357	-0.001498394132713
14.3476667332573	-0.00157046384923997
14.3810334000788	-0.00160604587353284
14.4144000669003	-0.000977401813212294
14.4477667337219	-0.0002370700690052
14.4811334005434	-0.000230526971485117
14.5145000673649	0.000271824634844457
14.5478667341864	-0.000831269075268573
14.581233401008	0.000244456473338935
14.6146000678295	-0.000604255322955318
14.647966734651	-0.000635143802219059
14.6813334014726	0.00264175374625829
14.7147000682941	0.00255477482787042
14.7480667351156	0.00331552608369281
14.7814334019371	0.0030315727527874
14.8148000687587	0.00286403970984715
14.8481667355802	0.0032959942269272
14.8815334024017	0.00262968709679294
14.9149000692233	0.00235799103903969
14.9482667360448	0.00253872054120895
14.9816334028663	0.00345207188429193
15.0150000696878	0.00195968259405491
15.0483667365094	-0.0005105286197734
15.0817334033309	5.29251361217283e-05
15.1151000701524	-0.00198179658224642
15.148466736974	-0.00318366940140801
15.1818334037955	-0.000109533535908865
15.215200070617	0.00166006395677015
15.2485667374385	0.00235288576897877
15.2819334042601	0.00270855672431887
15.3153000710816	0.00369957040441052
15.3486667379031	0.00338193321518676
15.3820334047247	0.00319264043152777
15.4154000715462	0.00399080089607489
15.4487667383677	0.0059368624245107
15.4821334051892	0.00553411258873537
15.5155000720108	0.00697833342839262
15.5488667388323	0.00673678659618354
15.5822334056538	0.00281689532814955
15.6156000724754	-0.000785118501289159
15.6489667392969	-0.000393460421499609
15.6823334061184	-0.0005820575657211
15.7157000729399	0.00174351263212546
15.7490667397615	-0.000948912861890845
15.782433406583	0.00130143865320933
15.8158000734045	0.00281612755413578
15.8491667402261	0.00262987171807313
15.8825334070476	-0.000971095822332775
15.9159000738691	-0.000660783795087838
15.9492667406906	0.0027835772509931
15.9826334075122	0.00260397477937255
16.0160000743337	0.00506330964090871
16.0493667411552	0.00725969401345755
16.0827334079768	0.00391285826473151
16.1161000747983	0.00353550609694617
16.1494667416198	0.00194339942778779
16.1828334084413	-0.00132260272133003
16.2162000752629	0.000210299609773038
16.2495667420844	0.00044439470778433
16.2829334089059	0.00142921499456518
16.3163000757275	0.0012009398807954
16.349666742549	-0.000803086327364741
16.3830334093705	-0.00141164336770951
16.416400076192	-0.00170783847095561
16.4497667430136	-0.00212953614285671
16.4831334098351	0.00153454003520915
16.5165000766566	0.00219863460505517
16.5498667434782	0.000695287943788497
16.5832334102997	0.000464700560670529
16.6166000771212	-0.000363266999792992
16.6499667439427	-0.00160755320399274
16.6833334107643	-0.00122347201877988
16.7167000775858	-0.0015986832544307
16.7500667444073	-0.000572490086948548
16.7834334112289	-0.00105322852697352
16.8168000780504	-0.00201905867970988
16.8501667448719	-0.00271924231649664
16.8835334116934	-0.00308466898425831
16.916900078515	-0.00164424977360022
16.9502667453365	-0.00453110944599167
16.983633412158	0.000793814976030009
17.0170000789796	0.00116546416382126
17.0503667458011	0.000557145668219321
17.0837334126226	-0.000994070308141882
17.1171000794441	-0.000562776699303008
17.1504667462657	0.00308335735410951
17.1838334130872	0.00339832737548535
17.2172000799087	0.000773729500842356
17.2505667467303	0.0028035906082238
17.2839334135518	0.000238972216118051
17.3173000803733	-0.000943368219044892
17.3506667471948	-0.00121234924110736
17.3840334140164	-0.00216462427377055
17.4174000808379	-0.00452280428078343
17.4507667476594	-0.00664255828980267
17.484133414481	-0.00532963509619147
17.5175000813025	-0.00385530841413914
17.550866748124	-0.00584392924717436
17.5842334149455	-0.000275919845911227
17.6176000817671	0.000241786962235523
17.6509667485886	-0.000846732339185586
17.6843334154101	-0.00143418229299454
17.7177000822317	0.00262350841658147
17.7510667490532	0.00375814970192919
17.7844334158747	0.00452507942024152
17.8178000826962	0.00238424760231064
17.8511667495178	0.00292854910912579
17.8845334163393	0.000825368777340766
17.9179000831608	0.00176540842407955
17.9512667499824	0.000921827254077553
17.9846334168039	0.00169474473211639
18.0180000836254	0.00249198963803826
18.0513667504469	0.00106103004644855
18.0847334172685	0.00128163811613929
18.11810008409	0.00129870867425098
18.1514667509115	-0.00247430996661466
18.1848334177331	0.000183019760816209
18.2182000845546	-0.00139615593656372
18.2515667513761	0.00026204439134333
18.2849334181976	0.00039913010694207
18.3183000850192	0.00264049887383581
18.3516667518407	0.00213461453683711
18.3850334186622	-0.000319462390770636
18.4184000854838	-0.000604172112893631
18.4517667523053	0.00056154136630523
18.4851334191268	-0.000979311680916588
18.5185000859483	-0.000136416277456888
18.5518667527699	-0.0017693849476251
18.5852334195914	-0.0024238375477986
18.6186000864129	-0.00195310237814994
18.6519667532345	-0.00130621704568484
18.685333420056	-0.00083455435849187
18.7187000868775	0.000251050355776131
18.752066753699	-0.000696084256943578
18.7854334205206	-0.00127560739494757
18.8188000873421	-0.000291047112019859
18.8521667541636	0.000982966664996409
18.8855334209852	-0.000318500974228309
18.9189000878067	0.000113359073696569
18.9522667546282	0.000580823399809781
18.9856334214497	0.00215726516609231
19.0190000882713	0.0020016238784817
19.0523667550928	0.00239763759084698
19.0857334219143	-0.000212725028830661
19.1191000887359	0.000131512662168482
19.1524667555574	-0.000935754344518787
19.1858334223789	0.00144315740424917
19.2192000892004	-5.24389920467709e-05
19.252566756022	1.58184947247762e-05
19.2859334228435	-0.0004670056725146
19.319300089665	0.00138037282934824
19.3526667564866	0.00289359387545096
19.3860334233081	0.0017091415203337
19.4194000901296	0.00149554135634657
19.4527667569511	-0.000301384048105981
19.4861334237727	-0.000966837732878013
19.5195000905942	0.00183839316874213
19.5528667574157	0.00691989720177259
19.5862334242373	0.00701584608940212
19.6196000910588	0.00746286995604165
19.6529667578803	0.00712325468965663
19.6863334247018	0.0030029133031466
19.7197000915234	0.000779606530790406
19.7530667583449	0.00101489981581408
19.7864334251664	0.00071923618128813
19.819800091988	0.000217601227647399
19.8531667588095	-0.000264360718019907
19.886533425631	0.000332245295579297
19.9199000924525	7.18277073978477e-05
19.9532667592741	-0.00155073309562355
19.9866334260956	0.000145097560177709
20.0200000929171	0.00204723417748079
20.0533667597387	0.00094202828239544
20.0867334265602	0.0033463387361389
20.1201000933817	0.00495464540153333
20.1534667602032	0.00341902194692945
20.1868334270248	0.00392898142051448
20.2202000938463	0.00327999287480998
20.2535667606678	0.00368667977861917
20.2869334274894	0.00170917133255348
20.3203000943109	0.00300729086198323
20.3536667611324	0.00319241964251922
20.3870334279539	0.00242906550015324
20.4204000947755	0.00309841172143834
20.453766761597	2.8674109556637e-05
20.4871334284185	0.00128117131430044
20.5205000952401	0.000720649112036903
20.5538667620616	-0.00234622742451684
20.5872334288831	0.000262763753843345
20.6206000957046	0.00185893534538761
20.6539667625262	-0.00105615672355461
20.6873334293477	0.000651916277617713
20.7207000961692	-0.000800376497501053
20.7540667629908	-0.000960277271752202
20.7874334298123	-0.00125720419398601
20.8208000966338	0.00156884796323515
20.8541667634553	0.0029216373631072
20.8875334302769	0.00193822132576773
20.9209000970984	0.00117121210146203
20.9542667639199	0.000936891254106693
20.9876334307415	0.000382527621955164
21.021000097563	0.000628273681654358
21.0543667643845	-0.00121633683237373
21.087733431206	-0.000746048162313523
21.1211000980276	-0.000656943237776368
21.1544667648491	-0.000528678021600304
21.1878334316706	0.000691362266975808
21.2212000984922	0.000241064910530837
21.2545667653137	-0.000383767773633362
21.2879334321352	0.000611836095599092
21.3213000989567	0.00400690381118095
21.3546667657783	0.00462335938774923
21.3880334325998	0.00250925892632377
21.4214000994213	0.00219109286082284
21.4547667662429	0.00218441408277453
21.4881334330644	0.00196824764943687
21.5215000998859	0.00136876797164818
21.5548667667074	-0.00299972431918547
21.588233433529	-7.16358149479061e-05
21.6216001003505	-0.0027788993159243
21.654966767172	-0.00230859798065666
21.6883334339936	-0.00347399478543036
21.7217001008151	-0.00290331764526179
21.7550667676366	-0.00200701063282687
21.7884334344581	-0.00141446413554838
21.8218001012797	-0.00233290834427748
21.8551667681012	-9.79198024063894e-05
21.8885334349227	-0.000848360079452875
21.9219001017443	-0.000297912532999578
21.9552667685658	-0.00128488386630052
21.9886334353873	0.00304494268050768
22.0220001022088	0.000999141660767947
22.0553667690304	0.000489285207651639
22.0887334358519	-0.000354605884171602
22.1221001026734	0.00181926531939521
22.155466769495	0.00157153009433548
22.1888334363165	0.00164331283509725
22.222200103138	0.00151221981717307
22.2555667699595	-0.000901869015658856
22.2889334367811	-0.00138679911862694
22.3223001036026	-0.00189200102417684
22.3556667704241	-0.00240878478067158
22.3890334372457	-0.00105538491685091
22.4224001040672	-0.000131192317075126
22.4557667708887	0.000123801208075194
22.4891334377102	0.00141517648577204
22.5225001045318	-0.00252970269880689
22.5558667713533	3.73450263747434e-05
22.5892334381748	0.00201741372739919
22.6226001049964	0.00146603494336096
22.6559667718179	0.00294334301450602
22.6893334386394	-0.000310698742178187
22.7227001054609	-0.000438016991043116
22.7560667722825	-3.546593288753e-05
22.789433439104	-0.000658571447948216
22.8228001059255	0.00053024258071024
22.8561667727471	0.000735705184394835
22.8895334395686	0.000999708391382761
22.9229001063901	0.000947127739931868
22.9562667732116	0.00195985412429589
22.9896334400332	0.00142452726321786
23.0230001068547	0.000611453175812193
23.0563667736762	0.00119168243232671
23.0897334404978	0.00155624536616846
23.1231001073193	0.00175693641124844
23.1564667741408	0.004114892120371
23.1898334409623	0.00492106432094128
23.2232001077839	0.00386448426423341
23.2565667746054	0.00346542199689957
23.2899334414269	0.00336381372376616
23.3233001082484	0.00110552716301971
23.35666677507	0.0020865253255342
23.3900334418915	0.00150272529818284
23.423400108713	0.00142746148359223
23.4567667755346	0.00148830439887101
23.4901334423561	0.00120880658551651
23.5235001091776	0.000336095225253394
23.5568667759992	-0.00576967659841232
23.5902334428207	-0.00240558942616597
23.6236001096422	0.00187311546661514
23.6569667764637	0.000642570215094216
23.6903334432853	0.00253304478057774
23.7237001101068	0.00351473629546845
23.7570667769283	0.00535292782574161
23.7904334437499	0.00314235866321489
23.8238001105714	0.00273077508573275
23.8571667773929	0.0020794865702242
23.8905334442144	0.00048601013124014
23.923900111036	0.000646676807687819
23.9572667778575	0.000328815997304911
23.990633444679	0.00191553819851619
24.0240001115006	-5.76682538697404e-05
24.0573667783221	0.000192478480477168
24.0907334451436	0.00159620575513806
24.1241001119651	-0.000282298135497297
24.1574667787867	0.00156427036429117
24.1908334456082	0.00200955334999501
24.2242001124297	0.00268524408441675
24.2575667792512	0.00354118908880164
24.2909334460728	0.00103945567876172
24.3243001128943	0.00214330531747716
24.3576667797158	0.00246538715487655
24.3910334465374	0.00248279613530151
24.4244001133589	0.00200158329389754
24.4577667801804	0.000824950494844821
24.4911334470019	0.00239648224114416
24.5245001138235	0.00256296427837091
24.557866780645	0.000957885733121984
24.5912334474665	-0.00150615615074762
24.6246001142881	0.000445226143055022
24.6579667811096	-0.00161945940926118
24.6913334479311	-0.00210689332808705
24.7247001147527	0.00283816647159557
24.7580667815742	8.22282725564572e-05
24.7914334483957	-0.00151246616343158
24.8248001152172	-0.0018241078584171
24.8581667820388	-0.00214351030337369
24.8915334488603	0.00118149359679353
24.9249001156818	0.00290688293538061
24.9582667825034	0.00141355322723136
24.9916334493249	0.00597038101588275
25.0250001161464	0.00232813202146647
25.0583667829679	-0.000464035156323207
25.0917334497895	-0.00417877874530739
25.125100116611	-0.00371229267176711
25.1584667834325	-0.00260721290760561
25.191833450254	-0.00359876406359793
25.2252001170756	-0.00532334119318481
25.2585667838971	-0.00520488594677644
25.2919334507186	-0.00474317855012979
25.3253001175402	-0.0076224182486594
25.3586667843617	-0.0083624657781901
25.3920334511832	-0.00721193972655365
25.4254001180047	-0.00696288326607913
25.4587667848263	-0.00588176013704162
25.4921334516478	-0.00716328388800508
25.5255001184693	-0.00609024809534242
25.5588667852909	-0.00761465134253186
25.5922334521124	-0.00799436667407551
25.6256001189339	-0.00855435008479734
25.6589667857554	-0.00802668634409987
25.692333452577	-0.00599900851872286
25.7257001193985	-0.00314122281407537
25.75906678622	-0.00625525987639589
25.7924334530416	-0.00744402343380921
25.8258001198631	-0.00820953674175025
25.8591667866846	-0.00613572927954421
25.8925334535062	-0.00270803023266392
25.9259001203277	-0.00352573527980093
25.9592667871492	0.00106799865209341
25.9926334539707	3.51531173857663e-05
26.0260001207923	0.0011411574187058
26.0593667876138	-0.000960748049690465
26.0927334544353	-0.0019972667721177
26.1261001212568	-0.00131676596516746
26.1594667880784	-0.00128165236115184
26.1928334548999	-0.0010299516332565
26.2262001217214	0.000206832761789842
26.259566788543	-0.0024728106390581
26.2929334553645	0.000193271545022612
26.326300122186	-0.00317276384007513
26.3596667890075	-0.00327096740764048
26.3930334558291	-0.00283349472545992
26.4264001226506	-0.00330583810960782
26.4597667894721	-0.000537841590059689
26.4931334562937	0.00132334251297544
26.5265001231152	0.00250482441692656
26.5598667899367	0.00221449382758299
26.5932334567582	0.00162800515916737
26.6266001235798	0.00143419157353369
26.6599667904013	0.00351412974938696
26.6933334572228	0.00560134477087167
26.7267001240444	0.00608109152691435
26.7600667908659	0.00597680112257751
26.7934334576874	0.00467652248526046
26.8268001245089	0.00385668145253498
26.8601667913305	0.00318140692567386
26.893533458152	0.00369790274355905
26.9269001249735	0.00228361370871533
26.9602667917951	0.00329505395048689
26.9936334586166	0.00080822867281345
27.0270001254381	0.00244835295993824
27.0603667922596	-0.00201041913148448
27.0937334590812	-0.00095190599062496
27.1271001259027	0.000812068360522185
27.1604667927242	-0.00115432393368415
27.1938334595458	-0.000734785426470811
27.2272001263673	0.000927220379023978
27.2605667931888	0.00154786885169111
27.2939334600103	0.000796083955606648
27.3273001268319	0.00309594090589717
27.3606667936534	0.00159261214744017
27.3940334604749	0.00200805601286623
27.4274001272965	0.000279177602503197
27.460766794118	0.00170543412128575
27.4941334609395	0.00301992787559771
27.527500127761	0.00133740282195039
27.5608667945826	0.00342284247985142
27.5942334614041	0.00178549673341007
27.6276001282256	0.000929509998037144
27.6609667950472	-0.000320545151273923
27.6943334618687	0.00218465091046216
27.7277001286902	0.00225639688581808
27.7610667955117	0.00392829040429583
27.7944334623333	0.0041382543286031
27.8278001291548	0.00585846635481938
27.8611667959763	0.00497323494622189
27.8945334627979	0.00619798078525526
27.9279001296194	0.00479264993638052
27.9612667964409	0.00178266394926575
27.9946334632624	0.00319170099772211
28.028000130084	0.00478760649822171
28.0613667969055	0.000945069581820273
28.094733463727	0.000670104751396596
28.1281001305486	0.001280069285666
28.1614667973701	0.000930153750118587
28.1948334641916	-0.0032543861670448
28.2282001310131	-0.000611763935224916
28.2615667978347	-0.0033657616790168
28.2949334646562	-0.00273027789375833
28.3283001314777	-0.0009231650999969
28.3616667982993	-0.00201992134884446
28.3950334651208	-0.00249626686947668
28.4284001319423	-0.00172391815475345
28.4617667987638	0.000611247390011284
28.4951334655854	0.00146165292121147
28.5285001324069	-0.000342167704500295
28.5618667992284	0.00171681635783319
28.59523346605	0.00290149260129869
28.6286001328715	0.00187115714521044
28.661966799693	0.00390511570627086
28.6953334665145	0.00187322435736618
28.7287001333361	0.00225699087160112
28.7620668001576	0.00267363896364754
28.7954334669791	0.00200631080362162
28.8288001338007	0.00175245188772344
28.8621668006222	-0.000396194201965729
28.8955334674437	0.000422326416836325
28.9289001342652	0.000520985418359705
28.9622668010868	-0.00112228736162132
28.9956334679083	-0.00367615706552437
29.0290001347298	-0.0026422072112164
29.0623668015514	-0.00176249262324935
29.0957334683729	-0.00132717846465047
29.1291001351944	0.00147590302684022
29.1624668020159	-0.000391168614659296
29.1958334688375	0.000270474392201024
29.229200135659	0.000182761538093954
29.2625668024805	-0.00131113970701628
29.2959334693021	0.00201972605896696
29.3293001361236	0.000565421327689229
29.3626668029451	-0.00137840774192359
29.3960334697666	-0.00102030738506821
29.4294001365882	-0.000432592046364478
29.4627668034097	-0.00151716554358108
29.4961334702312	4.65017382185845e-05
29.5295001370528	0.0013040981688164
29.5628668038743	-0.00191046962651155
29.5962334706958	-0.00170032979647065
29.6296001375173	-1.16062092209198e-08
29.6629668043389	-0.000312957056926326
29.6963334711604	0.00109505751792508
29.7297001379819	-3.72576507106252e-05
29.7630668048035	0.000602606193669626
29.796433471625	0.000167947829109605
29.8298001384465	-0.000630949366151997
29.863166805268	-0.000926310914722593
29.8965334720896	-0.00154314467278475
29.9299001389111	-0.00140046143388056
29.9632668057326	-0.00275181959936244
29.9966334725542	-0.00293030676212411
30.0300001393757	-0.00284112371051779
30.0633668061972	-0.000810446198333625
30.0967334730187	-0.00151586051834985
30.1301001398403	-0.000798982588154133
30.1634668066618	0.000731890825266948
30.1968334734833	0.00151631951640943
30.2302001403049	0.000489012262010248
30.2635668071264	-0.00022723367834065
30.2969334739479	-0.000699725269037098
30.3303001407694	-0.000665638315949138
30.363666807591	0.000358067805120719
30.3970334744125	-0.00211998287094675
30.430400141234	-0.00355865997038928
30.4637668080556	-0.00350626135062611
30.4971334748771	-0.00281806223251039
30.5305001416986	-0.00227929106727648
30.5638668085201	-0.00617613628876793
30.5972334753417	-0.00291848311913221
30.6306001421632	-0.00572303806495113
30.6639668089847	-0.00483167783588075
30.6973334758063	-0.0039961557784384
30.7307001426278	4.75257593182696e-05
30.7640668094493	0.000440329402918652
30.7974334762708	0.00236775140533308
30.8308001430924	0.00325584179540571
30.8641668099139	0.0032637147022663
30.8975334767354	0.0027466983591416
30.930900143557	0.00227514759240264
30.9642668103785	0.000440040785914458
30.9976334772	0.00134161830859468
31.0310001440215	-0.000509295872788223
31.0643668108431	0.000518093474335431
31.0977334776646	0.00178616486798189
31.1311001444861	0.000930987371457379
31.1644668113077	-0.00322964405728744
31.1978334781292	-0.00332515843422038
31.2312001449507	-0.000746870566383693
31.2645668117722	-0.00222714709419376
31.2979334785938	-0.0016967494922447
31.3313001454153	0.000246255673396797
31.3646668122368	-0.000294618953255895
31.3980334790584	0.000213718992134262
31.4314001458799	0.000711217179249952
31.4647668127014	0.000109582088230285
31.4981334795229	-0.0010478348549394
31.5315001463445	-4.58724158950394e-05
31.564866813166	-0.00124553282332684
31.5982334799875	-0.000408132592097483
31.6316001468091	0.00187602011497836
31.6649668136306	-0.00225134093107989
31.6983334804521	-0.00385612636853968
31.7317001472736	-0.00460172986910518
31.7650668140952	-0.00172361512462704
31.7984334809167	-9.06022616460404e-05
31.8318001477382	-0.000540571111166274
31.8651668145598	0.00400367853119403
31.8985334813813	0.000588278936322721
31.9319001482028	0.00492430444614678
31.9652668150243	0.00297858146961995
31.9986334818459	0.00573219369630635
32.0320001486674	0.00538179178361453
32.0653668154889	0.00784019084727934
32.0987334823105	0.0054407729277373
32.132100149132	0.0046804811897744
32.1654668159535	0.0019611911687164
32.198833482775	0.00299160986071503
32.2322001495966	0.000315633519992734
32.2655668164181	-0.000910604697430751
32.2989334832396	0.000140535097727297
32.3323001500612	0.000134833959844794
32.3656668168827	0.00222726239655411
32.3990334837042	0.0012347379395027
32.4324001505257	-0.00121416640905645
32.4657668173473	-0.00122887965712639
32.4991334841688	0.0032022907303778
32.5325001509903	0.0023278031383455
32.5658668178119	0.00180336698690353
32.5992334846334	0.00387464615741052
32.6326001514549	0.00412453905898424
32.6659668182764	0.0031910466421339
32.699333485098	0.000798171611807069
32.7327001519195	-0.00121965959014673
32.766066818741	-0.00106305888448456
32.7994334855626	0.000776778117381838
32.8328001523841	-0.00137590510158426
32.8661668192056	-0.00517310513443226
32.8995334860271	-0.00657983806956687
32.9329001528487	-0.00767725595576774
32.9662668196702	-0.0100053905537296
32.9996334864917	-0.00896394485272281
33.0330001533133	-0.0103985878460077
33.0663668201348	-0.00578104764241809
33.0997334869563	-0.0034910605870554
33.1331001537778	-0.00494809200925736
33.1664668205994	-0.00430047928420781
33.1998334874209	-0.00391842905981313
33.2332001542424	-0.00246580266005271
33.266566821064	-0.00350859341293971
33.2999334878855	-0.00147079264636662
33.333300154707	0.000611003454075167
33.3666668215285	0.00112060178704451
33.4000334883501	0.00179030967105279
33.4334001551716	-0.000178979048557813
33.4667668219931	0.00265283364879954
33.5001334888147	-0.000466436073124709
33.5335001556362	-2.5388471950134e-05
33.5668668224577	-0.00161218984591151
33.6002334892792	-0.000380650186569345
33.6336001561008	-0.000212779856174913
33.6669668229223	-0.00225635222199245
33.7003334897438	-0.00249708596576141
33.7337001565654	-0.00156095804693786
33.7670668233869	-0.001738042252528
33.8004334902084	-6.25201437962366e-05
33.8338001570299	0.000340364776072529
33.8671668238515	0.000712361764282327
33.900533490673	0.000373105139946291
33.9339001574945	0.00176818127642832
33.9672668243161	-0.00168378956585607
34.0006334911376	0.000838392942692114
34.0340001579591	0.00181573490365775
34.0673668247806	0.00658114645387924
34.1007334916022	0.00669267889374002
34.1341001584237	0.00812123676849679
34.1674668252452	0.01278558118266
34.2008334920668	0.00670082991606776
34.2342001588883	0.00400853600923663
34.2675668257098	0.00369193504532032
34.3009334925313	-0.000916950076005611
34.3343001593529	-0.00160562653940328
34.3676668261744	-0.00522469754399992
34.4010334929959	-0.00943687873935842
34.4344001598175	-0.00838912960437875
34.467766826639	-0.00929769633059794
34.5011334934605	-0.00845852951097077
34.534500160282	-0.00900010663742374
34.5678668271036	-0.00953678872111411
34.6012334939251	-0.00881121000688399
34.6346001607466	-0.00321372298275642
34.6679668275682	0.000162846647272429
34.7013334943897	0.00156892069498652
34.7347001612112	0.00169593455543392
34.7680668280327	0.00415597157198677
34.8014334948543	0.00738981734553699
34.8348001616758	0.00842292749539696
34.8681668284973	0.00905701709146324
34.9015334953189	0.0100684751381423
34.9349001621404	0.00837923729209479
34.9682668289619	0.00824921650385135
35.0016334957834	0.00660425728933252
35.035000162605	0.00453012704400389
35.0683668294265	-0.00107397575225999
35.101733496248	-0.00086475872614445
35.1351001630696	-0.000823153747934509
35.1684668298911	-0.00204956716744601
35.2018334967126	-0.00395589587405584
35.2352001635341	-0.00292910537730655
35.2685668303557	-0.000780925922229955
35.3019334971772	-0.00129204126105797
35.3353001639987	-0.00173504960550114
35.3686668308203	-0.00226651684762096
35.4020334976418	-0.00454912767167942
35.4354001644633	-0.00520520187297965
35.4687668312848	-0.000982048492202184
35.5021334981064	-0.00395997694099992
35.5355001649279	-0.00287944529780025
35.5688668317494	-0.00419564656970593
35.602233498571	-0.00626635750210427
35.6356001653925	-0.0028207747005649
35.668966832214	-0.000821753727787583
35.7023334990355	-0.00159601710757467
35.7357001658571	-0.00303878720926004
35.7690668326786	-0.00285595334570412
35.8024334995001	-0.00258665581274593
35.8358001663217	-0.00339477272782937
35.8691668331432	-0.00462360894392772
35.9025334999647	-0.00470582884821797
35.9359001667862	-0.0072417261123768
35.9692668336078	-0.00878247865141987
36.0026335004293	-0.0101135259936338
36.0360001672508	-0.00938826541371742
36.0693668340724	-0.0112010243725333
36.1027335008939	-0.00559081727761052
36.1361001677154	-0.00768792956428335
36.1694668345369	-0.00455500447016585
36.2028335013585	-0.00575163764897724
36.23620016818	-0.00377488275361015
36.2695668350015	-0.00466649762460149
36.3029335018231	-0.00196233340138989
36.3363001686446	-0.00122577556155543
36.3696668354661	-0.00104746479679252
36.4030335022876	0.000976928894890881
36.4364001691092	-0.000653506969142656
36.4697668359307	0.000866713886735261
36.5031335027522	-0.00144308783254858
36.5365001695738	0.000280486607508724
36.5698668363953	-0.00220007187163664
36.6032335032168	-0.00291802771313176
36.6366001700383	-0.00413374073713534
36.6699668368599	-0.00220005876758277
36.7033335036814	-0.00331731793328051
36.7367001705029	-0.00488995428803828
36.7700668373245	-0.00567063841644056
36.803433504146	-0.00773051715756871
36.8368001709675	-0.00895064628930521
36.870166837789	-0.00862870150520678
36.9035335046106	-0.00663842746937226
36.9369001714321	-0.008094710970325
36.9702668382536	-0.00547579942415174
37.0036335050752	-0.00413676412994612
37.0370001718967	-0.00451854685491897
37.0703668387182	-0.00480517899610241
37.1037335055397	-0.00449814943720798
37.1371001723613	-0.00397718930040704
37.1704668391828	-0.00423726775619806
37.2038335060043	-0.00418707566118518
37.2372001728259	-0.00467902119156914
37.2705668396474	-0.0051325185025789
37.3039335064689	-0.000588510646904561
37.3373001732904	-0.00444312123538344
37.370666840112	-0.0021201069690401
37.4040335069335	-0.00269170973829098
37.437400173755	-0.00475808329012878
37.4707668405766	-0.00436266338538272
37.5041335073981	-0.00267206808442001
37.5375001742196	-0.00512566927294038
37.5708668410411	-0.00645753263923514
37.6042335078627	-0.00269888909001736
37.6376001746842	-0.002271589022477
37.6709668415057	-0.00261091498299282
37.7043335083273	-0.00346095874433778
37.7377001751488	-0.00176227710155828
37.7710668419703	-0.00250114264303788
37.8044335087918	-0.00334140786968661
37.8378001756134	-0.00403810797446144
37.8711668424349	-0.00450433774598519
37.9045335092564	-0.00172394949584369
37.937900176078	-0.00151862499267693
37.9712668428995	0.000875201151955664
38.004633509721	0.00064458491768851
38.0380001765425	-0.00142182742475053
38.0713668433641	0.00261825853323256
38.1047335101856	0.0032054487669902
38.1381001770071	0.00209308552222557
38.1714668438287	0.00415537888729856
38.2048335106502	0.00217397782173406
38.2382001774717	0.00336300501749509
38.2715668442932	-0.000410174701593861
38.3049335111148	0.000655661953297616
38.3383001779363	-0.00253122751009317
38.3716668447578	-0.00570047418777382
38.4050335115794	-0.00581452387250062
38.4384001784009	-0.0054861400332579
38.4717668452224	-0.00160621410317595
38.5051335120439	0.0128279407572246
38.5385001788655	0.0526771377619066
38.571866845687	0.189300099486595
38.6052335125085	0.480875947842182
38.6386001793301	0.96509571782936
38.6719668461516	1.58920009389444
38.7053335129731	2.34944410113679
38.7387001797946	3.2118286451319
38.7720668466162	4.15962063596734
38.8054335134377	5.28743943022359
38.8388001802592	6.01273113358969
38.8721668470808	6.64573034927559
38.9055335139023	7.03527833460999
38.9389001807238	7.18518786980817
38.9722668475453	7.13328170957523
39.0056335143669	6.95992962541236
39.0390001811884	6.67361941669773
39.0723668480099	6.32796610507494
39.1057335148314	5.92391027434227
39.139100181653	5.43591049514904
39.1724668484745	4.8538230451405
39.205833515296	4.22433368107383
39.2392001821176	3.60263076187664
39.2725668489391	3.07511088940114
39.3059335157606	2.67120461201474
39.3393001825822	2.45537957195556
39.3726668494037	2.41302415427728
39.4060335162252	2.49934178637987
39.4394001830467	2.6559825025166
39.4727668498683	2.84045343036426
39.5061335166898	3.0369728479966
39.5395001835113	3.26215189380485
39.5728668503329	3.55108558523967
39.6062335171544	3.90164461477905
39.6396001839759	4.27800345816303
39.6729668507974	4.62282214826197
39.706333517619	4.89616208151518
39.7397001844405	5.04119868795237
39.773066851262	5.0493162185271
39.8064335180836	4.9591406760874
39.8398001849051	4.79476220442798
39.8731668517266	4.60947045253104
39.9065335185481	4.42668451308063
39.9399001853697	4.22863782760892
39.9732668521912	4.01558466183681
40.0066335190127	3.77770440168174
40.0400001858343	3.49695746396642
40.0733668526558	3.2426562648118
40.1067335194773	3.0414893135638
40.1401001862988	2.92023855439872
40.1734668531204	2.9108124430732
40.2068335199419	2.99978098053044
40.2402001867634	3.15356386573505
40.273566853585	3.31428690646552
40.3069335204065	3.46926128610382
40.340300187228	3.60548065615387
40.3736668540495	3.73759117311848
40.4070335208711	3.88940490799294
40.4404001876926	4.06486576254386
40.4737668545141	4.26338209083737
40.5071335213357	4.44175995205044
40.5405001881572	4.56104878380492
40.5738668549787	4.61207686580774
40.6072335218002	4.58080399995076
40.6406001886218	4.48393210866894
40.6739668554433	4.36644720918869
40.7073335222648	4.25868093577215
40.7407001890864	4.14265099523399
40.7740668559079	4.03694673447852
40.8074335227294	3.91712140583202
40.8408001895509	3.76643379129792
40.8741668563725	3.59342089800943
40.907533523194	3.41362093872639
40.9409001900155	3.28033106734433
40.974266856837	3.21783777803397
41.0076335236586	3.22471379820662
41.0410001904801	3.29957340345174
41.0743668573016	3.42080070982743
41.1077335241232	3.53917453986278
41.1411001909447	3.6502915683296
41.1744668577662	3.74417473516267
41.2078335245877	3.81880855993112
41.2412001914093	3.90654775063037
41.2745668582308	3.98964860944504
41.3079335250523	4.08399828017457
41.3413001918739	4.16676430445127
41.3746668586954	4.22865558415248
41.4080335255169	4.24931937356173
41.4414001923384	4.25320863607534
41.47476685916	4.23057622555619
41.5081335259815	4.18540457033011
41.541500192803	4.1548217268113
41.5748668596246	4.1263159209159
41.6082335264461	4.10525711628245
41.6416001932676	4.05773999707283
41.6749668600891	3.98143089930084
41.7083335269107	3.8665152264164
41.7417001937322	3.73981197710149
41.7750668605537	3.59485045447385
41.8084335273753	3.473724783647
41.8418001941968	3.38468946493406
41.8751668610183	3.34208547466436
41.9085335278399	3.34414629576288
41.9419001946614	3.35983031700213
41.9752668614829	3.39868697523953
42.0086335283044	3.44020945904059
42.042000195126	3.50390632936018
42.0753668619475	3.59390435160098
42.108733528769	3.69145335176117
42.1421001955906	3.81363237738218
42.1754668624121	3.92519949941561
42.2088335292336	4.02546253736762
42.2422001960551	4.10118277090797
42.2755668628767	4.14817284188631
42.3089335296982	4.16300724724987
42.3423001965197	4.17887497137907
42.3756668633413	4.18346888702917
42.4090335301628	4.17272370272549
42.4424001969843	4.15419476748609
42.4757668638058	4.09854101685227
42.5091335306274	4.00723639622471
42.5425001974489	3.89273739156154
42.5758668642704	3.76416966736525
42.609233531092	3.65344592801805
42.6426001979135	3.57946246106331
42.675966864735	3.53490759842839
42.7093335315565	3.53433469130366
42.7427001983781	3.56779809610671
42.7760668651996	3.60591327207871
42.8094335320211	3.66024967896195
42.8428001988426	3.72047299382382
42.8761668656642	3.79838565601913
42.9095335324857	3.89130030585021
42.9429001993072	3.99810512956192
42.9762668661288	4.10398210836506
43.0096335329503	4.18864534656186
43.0430001997718	4.24701812467158
43.0763668665933	4.24669534972903
43.1097335334149	4.20100637858652
43.1431002002364	4.11670906446699
43.1764668670579	4.01969372237021
43.2098335338795	3.91418158587624
43.243200200701	3.82188928097049
43.2765668675225	3.75803987876358
43.309933534344	3.70906949765547
43.3433002011656	3.65916722514738
43.3766668679871	3.59796769745462
43.4100335348086	3.53867404197945
43.4434002016302	3.4746405681989
43.4767668684517	3.44151481942058
43.5101335352732	3.4235931125371
43.5435002020947	3.41167708918713
43.5768668689163	3.43806856087867
43.6102335357378	3.47666027143261
43.6436002025593	3.53010464473433
43.6769668693809	3.60890557788028
43.7103335362024	3.69920828537573
43.7437002030239	3.81656139159235
43.7770668698454	3.95901070769984
43.810433536667	4.12439778398917
43.8438002034885	4.27816212816779
43.87716687031	4.42243988551037
43.9105335371316	4.52000114854417
43.9439002039531	4.55914104139275
43.9772668707746	4.54608810686235
44.0106335375961	4.47982861498819
44.0440002044177	4.36207977911484
44.0773668712392	4.2149378368596
44.1107335380607	4.03448304520324
44.1441002048823	3.84549534657183
44.1774668717038	3.67323464474329
44.2108335385253	3.53601263841584
44.2442002053468	3.42381846670142
44.2775668721684	3.37569595716856
44.3109335389899	3.37569720363658
44.3443002058114	3.41275561839791
44.377666872633	3.50197649496014
44.4110335394545	3.57169238955844
44.444400206276	3.62795455662966
44.4777668730976	3.67496622782969
44.5111335399191	3.70589477114717
44.5445002067406	3.73397701530347
44.5778668735621	3.76595611354922
44.6112335403837	3.78851943236103
44.6446002072052	3.82007738546583
44.6779668740267	3.84814105560112
44.7113335408482	3.8601993504581
44.7447002076698	3.86052183100114
44.7780668744913	3.85263877863592
44.8114335413128	3.84455538919092
44.8448002081344	3.84892180447673
44.8781668749559	3.86285944649008
44.9115335417774	3.90033013702717
44.9449002085989	3.93372965650428
44.9782668754205	3.96379954080539
45.011633542242	3.98423487363084
45.0450002090635	3.99603583266074
45.0783668758851	4.00136533675741
45.1117335427066	4.00213344533293
45.1451002095281	3.99537463873986
45.1784668763496	3.98881920817703
45.2118335431712	3.97552238376188
45.2452002099927	3.94872994833401
45.2785668768142	3.90405223684793
45.3119335436358	3.84269437903236
45.3453002104573	3.76925172181648
45.3786668772788	3.69638236883183
45.4120335441003	3.63434059311156
45.4454002109219	3.60097300534598
45.4787668777434	3.57405807747364
45.5121335445649	3.56641939978101
45.5455002113865	3.58146647180397
45.578866878208	3.60032832397732
45.6122335450295	3.64369248618576
45.645600211851	3.70787249336866
45.6789668786726	3.77173154633391
45.7123335454941	3.86000231390571
45.7457002123156	3.96322103678793
45.7790668791372	4.07643357919829
45.8124335459587	4.17371860052267
45.8458002127802	4.25995102018704
45.8791668796017	4.32277555111843
45.9125335464233	4.35786147151059
45.9459002132448	4.36128273536944
45.9792668800663	4.32205033786429
46.0126335468879	4.24641151858625
46.0460002137094	4.14520023984803
46.0793668805309	4.01921825336906
46.1127335473524	3.88278349789853
46.146100214174	3.73040459434657
46.1794668809955	3.55605352898638
46.212833547817	3.41822770828454
46.2462002146386	3.31214897294048
46.2795668814601	3.26261961951421
46.3129335482816	3.27600016170096
46.3463002151031	3.34555546896062
46.3796668819247	3.46089413608466
46.4130335487462	3.58714617228023
46.4464002155677	3.70280736741019
46.4797668823893	3.79023923653616
46.5131335492108	3.86389423737711
46.5465002160323	3.91658945180342
46.5798668828538	3.95681794070248
46.6132335496754	3.98216364315202
46.6466002164969	4.01286679902829
46.6799668833184	4.05130715527545
46.71333355014	4.09883498077267
46.7467002169615	4.13556528100644
46.780066883783	4.1724359753155
46.8134335506045	4.18845441847054
46.8468002174261	4.18612321009233
46.8801668842476	4.14944826923181
46.9135335510691	4.09348672314024
46.9469002178907	3.98752335065916
46.9802668847122	3.86749146839095
47.0136335515337	3.7237969991536
47.0470002183552	3.56952700567322
47.0803668851768	3.44018453103037
47.1137335519983	3.33886070006331
47.1471002188198	3.26766004735188
47.1804668856414	3.24713411588166
47.2138335524629	3.27721507844642
47.2472002192844	3.34849301512245
47.2805668861059	3.46441592974301
47.3139335529275	3.61803764331544
47.347300219749	3.76758914517341
47.3806668865705	3.90299712017033
47.4140335533921	4.03202768644134
47.4474002202136	4.11509699347039
47.4807668870351	4.16854120754064
47.5141335538566	4.1858788471414
47.5475002206782	4.16943577965259
47.5808668874997	4.13244000359911
47.6142335543212	4.09975064665494
47.6476002211428	4.04715859156684
47.6809668879643	3.991160905475
47.7143335547858	3.93949237057038
47.7477002216073	3.88098504776612
47.7810668884289	3.81823362574137
47.8144335552504	3.74954974099468
47.8478002220719	3.68852223006555
47.8811668888935	3.63525387859015
47.914533555715	3.60779052169561
47.9479002225365	3.60157039416133
47.981266889358	3.62371487211116
48.0146335561796	3.67100532617194
48.0480002230011	3.74003997354517
48.0813668898226	3.81528617846293
48.1147335566442	3.89692057551908
48.1481002234657	3.96181471586247
48.1814668902872	4.00324267725271
48.2148335571087	4.04359857112556
48.2482002239303	4.05082161988696
48.2815668907518	4.05851604849404
48.3149335575733	4.05737006377777
48.3483002243949	4.03855648664126
48.3816668912164	4.0228924005511
48.4150335580379	3.99887616383695
48.4484002248594	3.91071558433315
48.481766891681	3.67131198442872
48.5151335585025	3.24653023629072
48.548500225324	2.62886921200465
48.5818668921456	1.88683994776586
48.6152335589671	1.07532599905183
48.6486002257886	0.164246679502564
48.6819668926101	-0.841269431562278
48.7153335594317	-1.8243604818547
48.7487002262532	-2.87154622917416
48.7820668930747	-3.65005134591347
48.8154335598963	-4.33781781366803
48.8488002267178	-4.81491854389886
48.8821668935393	-5.03375238908798
48.9155335603608	-4.9585707625427
48.9489002271824	-4.58424928221906
48.9822668940039	-3.90997603430591
49.0156335608254	-2.88960930683152
49.049000227647	-1.84641199766357
49.0823668944685	-0.647091826468189
49.11573356129	0.656896108483029
49.1491002281115	1.81699926486582
49.1824668949331	2.83160892365559
49.2158335617546	3.6611944681421
49.2492002285761	4.31073764928186
49.2825668953977	4.70148660787755
49.3159335622192	4.81662923158805
49.3493002290407	4.63105256444162
49.3826668958622	4.16085447048763
49.4160335626838	3.42356390718069
49.4494002295053	2.48542973915795
49.4827668963268	1.33290817610303
49.5161335631484	NaN
49.5495002299699	-1.27494298169996
49.5828668967914	-2.2238219306586
49.6162335636129	-3.26162414734892
49.6496002304345	-4.00224501877945
49.682966897256	-4.45583531381555
49.7163335640775	-4.64168247452923
49.7497002308991	-4.51013770004709
49.7830668977206	-4.08659569403293
49.8164335645421	-3.35245874124065
49.8498002313636	-2.52970276781504
49.8831668981852	-1.49388399981257
49.9165335650067	-0.473792301146857
49.9499002318282	0.523421292093916
49.9832668986498	1.38252395102619
50.0166335654713	2.10016683141699
50.0500002322928	2.65990194330145
50.0833668991143	3.01326180223826
50.1167335659359	3.19013604076695
50.1501002327574	3.1942986871709
50.1834668995789	3.00933382109231
50.2168335664005	2.65967440293733
50.250200233222	2.17155997632553
50.2835669000435	1.53653868733667
50.316933566865	0.865014021131168
50.3503002336866	0.0773932136312582
50.3836669005081	-0.631293795099296
50.4170335673296	-1.32410281796419
50.4504002341512	-1.93228166558988
50.4837669009727	-2.40857873141531
50.5171335677942	-2.74146974753329
50.5505002346157	-2.91721068709252
50.5838669014373	-2.89758692820036
50.6172335682588	-2.70202506221148
50.6506002350803	-2.32835666011859
50.6839669019019	-1.80571004253584
50.7173335687234	-1.21469187955005
50.7507002355449	-0.530980788933842
50.7840669023664	0.115818057850719
50.817433569188	0.727013338321991
50.8508002360095	1.26612292090681
50.884166902831	1.72567853903486
50.9175335696526	2.06732972675675
50.9509002364741	2.27719981910682
50.9842669032956	2.35018678400482
51.0176335701171	2.2747669588726
51.0510002369387	2.05462247610677
51.0843669037602	1.69752360853928
51.1177335705817	1.23834501087063
51.1511002374033	0.71225498266776
51.1844669042248	0.135152098942143
51.2178335710463	-0.428794624215031
51.2512002378678	-0.975374349118129
51.2845669046894	-1.44276409354774
51.3179335715109	-1.82385898440384
51.3513002383324	-2.07432621993646
51.384666905154	-2.19925566387017
51.4180335719755	-2.18736088590643
51.451400238797	-2.02362724704729
51.4847669056185	-1.74302234069939
51.5181335724401	-1.33991189612693
51.5515002392616	-0.87542974216124
51.5848669060831	-0.389798019384233
51.6182335729047	0.108674555707935
51.6516002397262	0.572163191042797
51.6849669065477	0.974376838822943
51.7183335733692	1.29919895482641
51.7517002401908	1.53848774367109
51.7850669070123	1.68298561177656
51.8184335738338	1.71521780613354
51.8518002406554	1.64602567623591
51.8851669074769	1.4886024866606
51.9185335742984	1.21816605947952
51.9519002411199	0.883454574385248
51.9852669079415	0.482170922389714
52.018633574763	0.0751825938274164
52.0520002415845	-0.333082849650574
52.0853669084061	-0.718335392446683
52.1187335752276	-1.05306375996579
52.1521002420491	-1.32749770031229
52.1854669088706	-1.51092988280236
52.2188335756922	-1.59819701260885
52.2522002425137	-1.5930533758449
52.2855669093352	-1.49431288725113
52.3189335761568	-1.28433853889022
52.3523002429783	-1.00760444838775
52.3856669097998	-0.65490427127794
52.4190335766213	-0.300763736645895
52.4524002434429	0.0617555810206222
52.4857669102644	0.415488232971025
52.5191335770859	0.70960894438
52.5525002439075	0.962471764618256
52.585866910729	1.1499324706815
52.6192335775505	1.2592187942807
52.652600244372	1.29015709364773
52.6859669111936	1.2416458550403
52.7193335780151	1.10995622873657
52.7527002448366	0.910786179727798
52.7860669116582	0.648163134534023
52.8194335784797	0.355007747581813
52.8528002453012	0.0343151729320016
52.8861669121227	-0.268784396078687
52.9195335789443	-0.556163306734996
52.9529002457658	-0.811480259873389
52.9862669125873	-0.999883661826751
53.0196335794089	-1.13958874727413
53.0530002462304	-1.20357456647712
53.0863669130519	-1.20044130028939
53.1197335798734	-1.12080377532738
53.153100246695	-0.962713468385237
53.1864669135165	-0.745410934013426
53.219833580338	-0.497170596677543
53.2532002471596	-0.235954663039846
53.2865669139811	0.037383370326814
53.3199335808026	0.290776967597055
53.3533002476241	0.515991099363961
53.3866669144457	0.692078281221412
53.4200335812672	0.837538331925441
53.4534002480887	0.91994832875066
53.4867669149103	0.941275453588794
53.5201335817318	0.905655962353304
53.5535002485533	0.811041104113021
53.5868669153748	0.654110026384613
53.6202335821964	0.459091439207854
53.6536002490179	0.242026081776926
53.6869669158394	0.0114909962459275
53.720333582661	-0.22158185920376
53.7537002494825	-0.428361424676943
53.787066916304	-0.606700105473698
53.8204335831255	-0.750382156653693
53.8538002499471	-0.85635608282591
53.8871669167686	-0.906654811208682
53.9205335835901	-0.902100036259582
53.9539002504117	-0.841393385212962
53.9872669172332	-0.722662172343315
54.0206335840547	-0.564940200453433
54.0540002508762	-0.37742843525261
54.0873669176978	-0.174771206209132
54.1207335845193	0.030723182529516
54.1541002513408	0.219890567490883
54.1874669181624	0.388710937901808
54.2208335849839	0.525212187591259
54.2542002518054	0.628921531912061
54.2875669186269	0.690545297236102
54.3209335854485	0.709129083190274
54.35430025227	0.678839069674789
54.3876669190915	0.605461792115127
54.4210335859131	0.489082234213308
54.4544002527346	0.34065515208392
54.4877669195561	0.168375984435287
54.5211335863776	-0.0027076040714492
54.5545002531992	-0.172171107658497
54.5878669200207	-0.321435333265003
54.6212335868422	-0.459911821337136
54.6546002536638	-0.569813294673663
54.6879669204853	-0.63820331193759
54.7213335873068	-0.675459767119155
54.7547002541283	-0.669539971585219
54.7880669209499	-0.627567804446457
54.8214335877714	-0.541432506744552
54.8548002545929	-0.417893826842312
54.8881669214145	-0.284532397344449
54.921533588236	-0.138721846438198
54.9549002550575	0.0170481156731994
54.988266921879	0.157994462403312
55.0216335887006	0.278232911544723
55.0550002555221	0.38061614695337
55.0883669223436	0.459130115832941
55.1217335891652	0.507058310349298
55.1551002559867	0.518058317606653
55.1884669228082	0.494837027807106
55.2218335896297	0.458236303030785
55.2552002564513	0.354076385661337
55.2885669232728	0.246706434964077
55.3219335900943	0.120789270777747
55.3553002569159	-0.0131731226278367
55.3886669237374	-0.139992665021206
55.4220335905589	-0.252954284449641
55.4554002573804	-0.359777949477021
55.488766924202	-0.440828713350691
55.5221335910235	-0.491000646215364
55.555500257845	-0.512783927457616
55.5888669246666	-0.51334519558444
55.6222335914881	-0.486131763596168
55.6556002583096	-0.423280951197466
55.6889669251311	-0.325628188953318
55.7223335919527	-0.228747227645978
55.7557002587742	-0.107158493075142
55.7890669255957	0.00223003379266837
55.8224335924173	0.107613294602005
55.8558002592388	0.195248011564233
55.8891669260603	0.274931859445083
55.9225335928818	0.330482244942194
55.9559002597034	0.370490414340699
55.9892669265249	0.378403026157377
56.0226335933464	0.361853192843083
56.0560002601679	0.326263328495425
56.0893669269895	0.252540889593285
56.122733593811	0.168255340849595
56.1561002606325	0.0787618129997793
56.1894669274541	-0.0181547637510724
56.2228335942756	-0.112070829532311
56.2562002610971	-0.200040830130307
56.2895669279186	-0.276282608326643
56.3229335947402	-0.332269986394892
56.3563002615617	-0.376720625508194
56.3896669283832	-0.391588864374123
56.4230335952048	-0.395185973158432
56.4564002620263	-0.367628902363567
56.4897669288478	-0.326217538079661
56.5231335956693	-0.254559031650529
56.5565002624909	-0.180272737731014
56.5898669293124	-0.0950005916858983
56.6232335961339	-0.0105663997828693
56.6566002629555	0.0608600970760897
56.689966929777	0.133802194726424
56.7233335965985	0.193647461874586
56.7567002634201	0.237812895881348
56.7900669302416	0.268799429857203
56.8234335970631	0.273283333578562
56.8568002638846	0.264055532968662
56.8901669307062	0.2303056274506
56.9235335975277	0.187407992039283
56.9569002643492	0.123938572939468
56.9902669311708	0.052155353208589
57.0236335979923	-0.0170412795132354
57.0570002648138	-0.0885077282033102
57.0903669316353	-0.145486456178847
57.1237335984569	-0.212535802501776
57.1571002652784	-0.259262357706815
57.1904669320999	-0.286409922492006
57.2238335989215	-0.30327815233662
57.257200265743	-0.301531574640684
57.2905669325645	-0.287075193619845
57.323933599386	-0.252149512134823
57.3573002662076	-0.212691016969235
57.3906669330291	-0.14262585273526
57.4240335998506	-0.0841200538668885
57.4574002666722	-0.0196134528846729
57.4907669334937	0.0424438184410964
57.5241336003152	0.0910742175850496
57.5575002671367	0.135819285542848
57.5908669339583	0.171062130302554
57.6242336007798	0.188616241369104
57.6576002676013	0.194901168366692
57.6909669344229	0.186662298820432
57.7243336012444	0.168127007832078
57.7577002680659	0.12838985144662
57.7910669348874	0.0838508585675834
57.824433601709	0.0461107371539218
57.8578002685305	-0.0211565950774575
57.891166935352	-0.075929432090108
57.9245336021735	-0.124903533772964
57.9579002689951	-0.169281774187692
57.9912669358166	-0.20887229744926
58.0246336026381	-0.224601393056896
58.0580002694597	-0.2341198135424
58.0913669362812	-0.234427794242034
58.1247336031027	-0.222064699754115
58.1581002699242	-0.199207085944721
58.1914669367458	-0.155057103864194
58.2248336035673	-0.114326405514068
58.2582002703888	-0.0745758329749917
58.2915669372104	-0.0188791009417865
58.3249336040319	0.0240629283211224
58.3583002708534	0.0587700144518605
58.3916669376749	0.0943481852014289
58.4250336044965	0.12365796415511
58.458400271318	0.13627054218501
58.4917669381395	0.137865432766834
58.5251336049611	0.137192941579035
58.5585002717826	0.115689995987861
58.5918669386041	0.0977387507126753
58.6252336054256	0.0658515697598457
58.6586002722472	0.0172612588109822
58.6919669390687	-0.0202973511093191
58.7253336058902	-0.0649889284082106
58.7587002727118	-0.100038961607164
58.7920669395333	-0.124263697612435
58.8254336063548	-0.152006008632883
58.8588002731763	-0.171371055257663
58.8921669399979	-0.177941851901522
58.9255336068194	-0.172838817520595
58.9589002736409	-0.169839739717232
58.9922669404625	-0.147831188862984
59.025633607284	-0.125517810003634
59.0590002741055	-0.0897934725265238
59.0923669409271	-0.0637094783979849
59.1257336077486	-0.0219547182150488
59.1591002745701	0.00977044328308754
59.1924669413916	0.0332615706795563
59.2258336082132	0.0615363528068045
59.2592002750347	0.0750924828710579
59.2925669418562	0.0864960271114336
59.3259336086778	0.0872166180516853
59.3593002754993	0.0853919550995686
59.3926669423208	0.0724553537963708
59.4260336091423	0.0514020931240788
59.4594002759639	0.0314801422308696
59.4927669427854	-0.00525698127154669
59.5261336096069	-0.0310758263965984
59.5595002764285	-0.0595801229231678
59.59286694325	-0.0883853853115665
59.6262336100715	-0.104080319932104
59.659600276893	-0.131346966067169
59.6929669437146	-0.142969096322392
59.7263336105361	-0.149835652951161
59.7597002773576	-0.149789369129544
59.7930669441791	-0.143862555311127
59.8264336110007	-0.128366082854352
59.8598002778222	-0.101606296145312
59.8931669446437	-0.0779043910374481
59.9265336114653	-0.0594753420041868
59.9599002782868	-0.0303946077098937
59.9932669451083	-0.00781749471985574
60.0266336119298	0.0133601880875254
60.0600002787514	0.0309974552154649
60.0933669455729	0.048978055349251
60.1267336123944	0.0538433027503621
60.160100279216	0.0575897312555398
60.1934669460375	0.0542838914118326
60.226833612859	0.0420227523754658
60.2602002796805	0.033247951178718
60.2935669465021	0.00714799646112249
60.3269336133236	-0.0113392010867107
60.3603002801451	-0.0323494007392689
60.3936669469667	-0.0545238686306662
60.4270336137882	-0.071841114459385
60.4604002806097	-0.088803020189728
60.4937669474312	-0.0931737039856566
60.5271336142528	-0.108442793482848
60.5605002810743	-0.111944988730821
60.5938669478958	-0.112229883838091
60.6272336147174	-0.109402761998487
60.6606002815389	-0.101473936805714
60.6939669483604	-0.086388605766387
60.7273336151819	-0.0664011699783612
60.7607002820035	-0.0476929133761652
60.794066948825	-0.0275747534663736
60.8274336156465	-0.0123999741500462
60.8608002824681	0.0056979099888537
60.8941669492896	0.0144340916740087
60.9275336161111	0.0238109092961559
60.9609002829326	0.0333055983298013
60.9942669497542	0.0353567190803305
61.0276336165757	0.0276111733282561
61.0610002833972	0.020690963131642
61.0943669502188	0.00679835694783889
61.1277336170403	0.00010338830827234
61.1611002838618	-0.0172911907915373
61.1944669506833	-0.0354625979588079
61.2278336175049	-0.0476384892745547
61.2612002843264	-0.06011447306102
61.2945669511479	-0.0728486244340524
61.3279336179695	-0.0846433830874017
61.361300284791	-0.0923815784413854
61.3946669516125	-0.0889264940839362
61.428033618434	-0.090698606952551
61.4614002852556	-0.0864908719831963
61.4947669520771	-0.0835664201306531
61.5281336188986	-0.07063648856944
61.5615002857202	-0.0550745002183312
61.5948669525417	-0.0434985247214466
61.6282336193632	-0.0298425635996922
61.6616002861848	-0.0163136288152941
61.6949669530063	-0.00789847158324398
61.7283336198278	0.00287892253199375
61.7617002866493	0.0116334257578154
61.7950669534709	0.0144612779590038
61.8284336202924	0.0148337264279086
61.8618002871139	0.0131844833647094
61.8951669539354	0.00994262868952179
61.928533620757	-0.000844061156385738
61.9619002875785	-0.0146734082172873
61.9952669544	-0.0251237040429448
62.0286336212216	-0.0404051401314702
62.0620002880431	-0.0516080534089666
62.0953669548646	-0.0650947024479075
62.1287336216861	-0.0685546856466186
62.1621002885077	-0.0743333482587754
62.1954669553292	-0.0809368014941542
62.2288336221507	-0.0845547229405443
62.2622002889723	-0.0833170440945812
62.2955669557938	-0.0815971210305945
62.3289336226153	-0.0686984120603157
62.3623002894368	-0.0636396117198093
62.3956669562584	-0.0530103212735773
62.4290336230799	-0.0458404028223902
62.4624002899014	-0.0343260310717591
62.495766956723	-0.0237326610537659
62.5291336235445	-0.0168522616533614
62.562500290366	-0.0105011114441387
62.5958669571875	-0.00389544308200026
62.6292336240091	-0.00172559755816376
62.6626002908306	0.00473810958007904
62.6959669576521	-0.000123641710131796
62.7293336244737	-0.00410565039879176
62.7627002912952	-0.00739150380825346
62.7960669581167	-0.0162773598865498
62.8294336249382	-0.0218301562126281
62.8628002917598	-0.0322654511867578
62.8961669585813	-0.0337399666124387
62.9295336254028	-0.0444644242679611
62.9629002922244	-0.0497353689056883
62.9962669590459	-0.0590527344884752
63.0296336258674	-0.0639652547088363
63.0630002926889	-0.0654438207456098
63.0963669595105	-0.0684126961675127
63.129733626332	-0.0662612683440366
63.1631002931535	-0.0635955683006194
63.1964669599751	-0.0602770306299992
63.2298336267966	-0.0473417310023396
63.2632002936181	-0.0397132942554206
63.2965669604396	-0.0331117078997383
63.3299336272612	-0.0256342320742537
63.3633002940827	-0.0170160415188019
63.3966669609042	-0.0158949825650804
63.4300336277258	-0.00980951697118623
63.4634002945473	-0.00928258512411087
63.4967669613688	-0.0080316227926326
63.5301336281903	-0.00953553024017009
63.5635002950119	-0.0108475698361512
63.5968669618334	-0.011136658401382
63.6302336286549	-0.0196887996203535
63.6636002954765	-0.0268989019905673
63.696966962298	-0.0328009771079878
63.7303336291195	-0.0360505157246754
63.763700295941	-0.0455010171638971
63.7970669627626	-0.0513564347772709
63.8304336295841	-0.0582707581882957
63.8638002964056	-0.0636171161005483
63.8971669632272	-0.0644215026341955
63.9305336300487	-0.0648277749243641
63.9639002968702	-0.0616925685424949
63.9972669636917	-0.0526051453101308
64.0306336305133	-0.0475561987723776
64.0640002973348	-0.0453786645146551
64.0973669641563	-0.0387705880229478
64.1307336309779	-0.0342423691733644
64.1641002977994	-0.0275821685096616
64.1974669646209	-0.0242751157695825
64.2308336314425	-0.0193931905004825
64.264200298264	-0.0176460602588056
64.2975669650855	-0.0164701442200342
64.330933631907	-0.0160467755305573
64.3643002987286	-0.0159992739562128
64.3976669655501	-0.0172957052960599
64.4310336323716	-0.0231541088888059
64.4644002991931	-0.0266094431372975
64.4977669660147	-0.0309195360497844
64.5311336328362	-0.0353965512762933
64.5645002996577	-0.0417278406079517
64.5978669664793	-0.0420923790361066
64.6312336333008	-0.0443825838699796
64.6646003001223	-0.0478488987359643
64.6979669669438	-0.0544028118965057
64.7313336337654	-0.0530592872907921
64.7647003005869	-0.0521193860470806
64.7980669674084	-0.048185284634271
64.83143363423	-0.0437053611908901
64.8648003010515	-0.0411923937407454
64.898166967873	-0.0411395462729458
64.9315336346945	-0.0347995739083536
64.9649003015161	-0.033906867399001
64.9982669683376	-0.0291639934269901
65.0316336351591	-0.0250796562632143
65.0650003019807	-0.0267786984302689
65.0983669688022	-0.0210063858278797
65.1317336356237	-0.0212609543892904
65.1651003024452	-0.0183987994775131
65.1984669692668	-0.0193653397451541
65.2318336360883	-0.0249323881721825
65.2652003029098	-0.023733879994938
65.2985669697314	-0.0265061968518972
65.3319336365529	-0.0308511114994988
65.3653003033744	-0.0342794821872267
65.3986669701959	-0.0386673372323995
65.4320336370175	-0.0411906975875298
65.465400303839	-0.0409934350741547
65.4987669706605	-0.0414798564234325
65.5321336374821	-0.0461774559897179
65.5655003043036	-0.0478857029056058
65.5988669711251	-0.0514294580828299
65.6322336379466	-0.0475339931198816
65.6656003047682	-0.048622930405496
65.6989669715897	-0.0404091634096272
65.7323336384112	-0.0398368624260218
65.7657003052328	-0.036522732263817
65.7990669720543	-0.032745694006465
65.8324336388758	-0.0282080646797677
65.8658003056973	-0.0289415924763624
65.8991669725189	-0.0271487721248924
65.9325336393404	-0.026718551968868
65.9659003061619	-0.0249454828074025
65.9992669729835	-0.0250682467381592
66.032633639805	-0.0251999583142868
66.0660003066265	-0.0247919505483247
66.099366973448	-0.0266172320468682
66.1327336402696	-0.0295598971393144
66.1661003070911	-0.0333327319786578
66.1994669739126	-0.0358822954745852
66.2328336407342	-0.0371177724565173
66.2662003075557	-0.0399970091096709
66.2995669743772	-0.0415206891630348
66.3329336411987	-0.0438578971787073
66.3663003080203	-0.0483760819114291
66.3996669748418	-0.0453208800307445
66.4330336416633	-0.0462364133802295
66.4664003084849	-0.0447234528257401
66.4997669753064	-0.0434001351002745
66.5331336421279	-0.0407825971759797
66.5665003089494	-0.0380485684926139
66.599866975771	-0.0347076668965938
66.6332336425925	-0.0327547777060235
66.666600309414	-0.0303915461590575
66.6999669762356	-0.0278672271051301
66.7333336430571	-0.0253935333048583
66.7667003098786	-0.0256870883903299
66.8000669767001	-0.0238758882702795
66.8334336435217	-0.0216806352682516
66.8668003103432	-0.0226621336658988
66.9001669771647	-0.0230519919102699
66.9335336439863	-0.02690045953015
66.9669003108078	-0.0298242789191394
67.0002669776293	-0.030427917802638
67.0336336444508	-0.032593996737047
67.0670003112724	-0.0357863419857112
67.1003669780939	-0.0378619428930069
67.1337336449154	-0.0408275632924674
67.167100311737	-0.0439902435318201
67.2004669785585	-0.0445121147845793
67.23383364538	-0.0459247665278772
67.2672003122015	-0.0476392893170773
67.3005669790231	-0.0456488316500763
67.3339336458446	-0.0408670702606663
67.3673003126661	-0.0404066419919155
67.4006669794877	-0.0344534064005433
67.4340336463092	-0.0307777147656659
67.4674003131307	-0.0315333438885155
67.5007669799522	-0.0306172113105774
67.5341336467738	-0.0307806842967208
67.5675003135953	-0.0288532976253056
67.6008669804168	-0.0273271923209074
67.6342336472384	-0.0264167039288594
67.6676003140599	-0.0245616730495437
67.7009669808814	-0.0270747069095033
67.7343336477029	-0.0305304350831919
67.7677003145245	-0.0326931767578067
67.801066981346	-0.0359243890083127
67.8344336481675	-0.0385807651701615
67.8678003149891	-0.0378142470414959
67.9011669818106	-0.0410550550357397
67.9345336486321	-0.0420610161484282
67.9679003154536	-0.0394947667055542
68.0012669822752	-0.0418166907750912
68.0346336490967	-0.0437232915863185
68.0680003159182	-0.0410209842822831
68.1013669827398	-0.0425682648754553
68.1347336495613	-0.0422677347862622
68.1681003163828	-0.0429045660267923
68.2014669832043	-0.0411520278874235
68.2348336500259	-0.0397685132736231
68.2682003168474	-0.0379938846691776
68.3015669836689	-0.0374226088640433
68.3349336504905	-0.0357272125150331
68.368300317312	-0.0330756080677881
68.4016669841335	-0.0317728655873299
68.435033650955	-0.0312933618756989
68.4684003177766	-0.0315438842596844
68.5017669845981	-0.0300301940970209
68.5351336514196	-0.0325197975458455
68.5685003182411	-0.0329554688036027
68.6018669850627	-0.0328127790382629
68.6352336518842	-0.0346192750301241
68.6686003187057	-0.0332741566993108
68.7019669855273	-0.0397774591272229
68.7353336523488	-0.0379350669991718
68.7687003191703	-0.0393537786670552
68.8020669859919	-0.0411885439167401
68.8354336528134	-0.0431913965143749
68.8688003196349	-0.0410728371102109
68.9021669864564	-0.0417798263508048
68.935533653278	-0.0412831174038418
68.9689003200995	-0.0367533632521359
69.002266986921	-0.0346016480143137
69.0356336537426	-0.0373252919850149
69.0690003205641	-0.0373980910168234
69.1023669873856	-0.0343219322040959
69.1357336542071	-0.035025292773423
69.1691003210287	-0.0347182463286337
69.2024669878502	-0.0340139906133656
69.2358336546717	-0.0333400342860243
69.2692003214933	-0.0325691632925462
69.3025669883148	-0.03352987138225
69.3359336551363	-0.0354494046150259
69.3693003219578	-0.0338624715868249
69.4026669887794	-0.033774212477404
69.4360336556009	-0.0345273851761001
69.4694003224224	-0.0356755412053141
69.502766989244	-0.0382296144350426
69.5361336560655	-0.0362654897588547
69.569500322887	-0.0351022588916195
69.6028669897085	-0.0387445000761491
69.6362336565301	-0.0381116509390101
69.6696003233516	-0.0385062016666856
69.7029669901731	-0.0371028691655217
69.7363336569947	-0.0345712261883588
69.7697003238162	-0.0364632720333274
69.8030669906377	-0.0334748660020142
69.8364336574592	-0.0341330714693509
69.8698003242808	-0.0324640079337879
69.9031669911023	-0.0336347409279644
69.9365336579238	-0.0303775402624663
69.9699003247454	-0.0322355631953797
70.0032669915669	-0.0292027776617289
70.0366336583884	-0.0334009687510892
70.0700003252099	-0.0337529527909993
70.1033669920315	-0.0352437408916852
70.136733658853	-0.0319248626281907
70.1701003256745	-0.0336185395345474
70.2034669924961	-0.0332166555422283
70.2368336593176	-0.035940819327862
70.2702003261391	-0.0346607820233537
70.3035669929606	-0.0346080161522842
70.3369336597822	-0.035478330462048
70.3703003266037	-0.0363582810281475
70.4036669934252	-0.0386172643159923
70.4370336602468	-0.038361953014251
70.4704003270683	-0.038553224133951
70.5037669938898	-0.0386792167305027
70.5371336607113	-0.0374289887613799
70.5705003275329	-0.0386979101472258
70.6038669943544	-0.0388989244802852
70.6372336611759	-0.0368715340500337
70.6706003279974	-0.0330878715948893
70.703966994819	-0.0357030113243351
70.7373336616405	-0.0332928948892553
70.770700328462	-0.0307818696871138
70.8040669952836	-0.0306281653057556
70.8374336621051	-0.0300852688483902
70.8708003289266	-0.0300473666183626
70.9041669957482	-0.0315675859872266
70.9375336625697	-0.0338564960905827
70.9709003293912	-0.0337463569903041
71.0042669962127	-0.0347113755957672
71.0376336630343	-0.0341344702565975
71.0710003298558	-0.0348822463477719
71.1043669966773	-0.036612781202385
71.1377336634988	-0.0355644601515097
71.1711003303204	-0.0346225684370163
71.2044669971419	-0.0368788625675644
71.2378336639634	-0.0361542334010293
71.271200330785	-0.0365935736203922
71.3045669976065	-0.0347047704107197
71.337933664428	-0.0326100856659421
71.3713003312496	-0.0324246814729034
71.4046669980711	-0.0312205271877719
71.4380336648926	-0.0322713309217593
71.4714003317141	-0.0300987770038311
71.5047669985357	-0.0334476798997683
71.5381336653572	-0.0334530712663244
71.5715003321787	-0.0338547334781714
71.6048669990003	-0.0369834327651349
71.6382336658218	-0.034823340809684
71.6716003326433	-0.0361816178778543
71.7049669994648	-0.0374324085007226
71.7383336662864	-0.0398546223973292
71.7717003331079	-0.0374680744949367
71.8050669999294	-0.0365128296757179
71.838433666751	-0.0373817420096141
71.8718003335725	-0.0398248878525066
71.905167000394	-0.0371102896585495
71.9385336672155	-0.0407874335382508
71.9719003340371	-0.0399393012252841
72.0052670008586	-0.0433316373637978
72.0386336676801	-0.0409832144254296
72.0720003345017	-0.0401933309455467
72.1053670013232	-0.0381541722262067
72.1387336681447	-0.0383135210686737
72.1721003349662	-0.0354475353011269
72.2054670017878	-0.0366257799569319
72.2388336686093	-0.0353184738974425
72.2722003354308	-0.0346962993302873
72.3055670022523	-0.0389310135715717
72.3389336690739	-0.0358255598792774
72.3723003358954	-0.0321078007974446
72.4056670027169	-0.0325277543761241
72.4390336695385	-0.0336109303033285
72.47240033636	-0.0339759894810798
72.5057670031815	-0.0363141587793149
72.5391336700031	-0.0355934847221035
72.5725003368246	-0.0361531515642622
72.6058670036461	-0.0355764351400686
72.6392336704676	-0.0367774436126561
72.6726003372892	-0.0368010168248187
72.7059670041107	-0.0371568658205819
72.7393336709322	-0.0372520104018806
72.7727003377537	-0.0372589038799214
72.8060670045753	-0.0404061784658249
72.8394336713968	-0.0370975348945465
72.8728003382183	-0.0386718045289597
72.9061670050399	-0.0382596640922922
72.9395336718614	-0.0365956018716664
72.9729003386829	-0.0375594221223136
73.0062670055045	-0.0351679116014439
73.039633672326	-0.0384781965688653
73.0730003391475	-0.0383033791455611
73.106367005969	-0.0358016963334244
73.1397336727906	-0.0341863185128842
73.1731003396121	-0.0361678394385694
73.2064670064336	-0.0351337390368543
73.2398336732551	-0.0356290407630191
73.2732003400767	-0.0376743010742654
73.3065670068982	-0.0383560184724128
73.3399336737197	-0.037170007529597
73.3733003405413	-0.038625459928693
73.4066670073628	-0.0387385722985729
73.4400336741843	-0.0391010283942992
73.4734003410059	-0.0400261776635
73.5067670078274	-0.0389639478676101
73.5401336746489	-0.0382691725105265
73.5735003414704	-0.0355380383474186
73.606867008292	-0.0358465518022955
73.6402336751135	-0.0344700914673376
73.673600341935	-0.0329490623447154
73.7069670087565	-0.0322235343363984
73.7403336755781	-0.0348876045411192
73.7737003423996	-0.0335971869515325
73.8070670092211	-0.0365875262919645
73.8404336760427	-0.0354762757468058
73.8738003428642	-0.034399219934506
73.9071670096857	-0.0343978901677069
73.9405336765073	-0.0333391583118989
73.9739003433288	-0.0371484723065281
74.0072670101503	-0.0350044370818381
74.0406336769718	-0.035699323843961
74.0740003437934	-0.0342857620343796
74.1073670106149	-0.0349492638624883
74.1407336774364	-0.039333913709027
74.174100344258	-0.0394174398755889
74.2074670110795	-0.0365060849265516
74.240833677901	-0.0380645547685937
74.2742003447225	-0.0368075958869898
74.3075670115441	-0.0374704335787521
74.3409336783656	-0.0376122079592157
74.3743003451871	-0.0369303410500385
74.4076670120086	-0.035744594907933
74.4410336788302	-0.0357629606500229
74.4744003456517	-0.0340983388085832
74.5077670124732	-0.0357329651768616
74.5411336792948	-0.0349498773333713
74.5745003461163	-0.0343012226221357
74.6078670129378	-0.033057138509021
74.6412336797594	-0.0347013054754712
74.6746003465809	-0.034463758219929
74.7079670134024	-0.0345858149023658
74.7413336802239	-0.0354988950579975
74.7747003470455	-0.0384143553011667
74.808067013867	-0.0375593119696928
74.8414336806885	-0.0365233239126992
74.87480034751	-0.0358839780026054
74.9081670143316	-0.0374533072781865
74.9415336811531	-0.038090085185156
74.9749003479746	-0.0375732210210231
75.0082670147962	-0.0377994891095188
75.0416336816177	-0.03579652175172
75.0750003484392	-0.0348042604539967
75.1083670152608	-0.0344623503453476
75.1417336820823	-0.0350277340396002
75.1751003489038	-0.0356909855997551
75.2084670157253	-0.0348883825592731
75.2418336825469	-0.0357097100549607
75.2752003493684	-0.0339737342878058
75.3085670161899	-0.0362284967139513
75.3419336830114	-0.0359281602586011
75.375300349833	-0.0370610861740715
75.4086670166545	-0.0364207013431183
75.442033683476	-0.034160893716719
75.4754003502976	-0.0328048645297403
75.5087670171191	-0.0311137838896942
75.5421336839406	-0.033505792921373
75.5755003507622	-0.0322678372567968
75.6088670175837	-0.03699265156421
75.6422336844052	-0.0363340495899443
75.6756003512267	-0.0381123311435795
75.7089670180483	-0.0379756802244244
75.7423336848698	-0.0372252665126144
75.7757003516913	-0.0380241202628114
75.8090670185128	-0.039685914694986
75.8424336853344	-0.0395289763183278
75.8758003521559	-0.0382462224406863
75.9091670189774	-0.0380607475283562
75.942533685799	-0.0360125895863079
75.9759003526205	-0.0375052107241794
76.009267019442	-0.0352409634191632
76.0426336862635	-0.0368619881274022
76.0760003530851	-0.0378723454101314
76.1093670199066	-0.0370381498187663
76.1427336867281	-0.0353013168246348
76.1761003535497	-0.0375760256338615
76.2094670203712	-0.0359737179862388
76.2428336871927	-0.0335725841391324
76.2762003540143	-0.0344309112673404
76.3095670208358	-0.0338325258569905
76.3429336876573	-0.035269833249397
76.3763003544788	-0.0330683482142478
76.4096670213004	-0.0355976045196452
76.4430336881219	-0.0341788057710437
76.4764003549434	-0.0347819172004545
76.5097670217649	-0.0359137316925938
76.5431336885865	-0.0370132589844306
76.576500355408	-0.0346888813642018
76.6098670222295	-0.0343831073991577
76.6432336890511	-0.0349130946396292
76.6766003558726	-0.0336438928473524
76.7099670226941	-0.0330700469219874
76.7433336895157	-0.0347045644095578
76.7767003563372	-0.0348130874632647
76.8100670231587	-0.0344680675284995
76.8434336899802	-0.0347493441426038
76.8768003568018	-0.0338382332355779
76.9101670236233	-0.0347458829948841
76.9435336904448	-0.0345606741702163
76.9769003572663	-0.0342400709670259
77.0102670240879	-0.0350854178120599
77.0436336909094	-0.0338177012403206
77.0770003577309	-0.0330548141931113
77.1103670245525	-0.0358704475223495
77.143733691374	-0.0361241748515438
77.1771003581955	-0.0347908863021692
77.2104670250171	-0.0331164992139283
77.2438336918386	-0.0326142872024543
77.2772003586601	-0.0324163345102192
77.3105670254816	-0.033320468054578
77.3439336923032	-0.0358387654922338
77.3773003591247	-0.0358816555933374
77.4106670259462	-0.0380528329065067
77.4440336927677	-0.0342022473732022
77.4774003595893	-0.034954379002005
77.5107670264108	-0.0346658848062062
77.5441336932323	-0.0352222411280723
77.5775003600539	-0.0342333148510157
77.6108670268754	-0.0369793067261063
77.6442336936969	-0.0377255077534884
77.6776003605185	-0.0391155979405604
77.71096702734	-0.0403722737485473
77.7443336941615	-0.0395912099691604
77.777700360983	-0.0407608708769863
77.8110670278046	-0.0409045409285261
77.8444336946261	-0.0399352005213937
77.8778003614476	-0.0400345259289039
77.9111670282691	-0.0381019367609511
77.9445336950907	-0.0395699176006438
77.9779003619122	-0.0392796177228726
78.0112670287337	-0.0419922020453901
78.0446336955553	-0.0414160229588253
78.0780003623768	-0.0399115406390274
78.1113670291983	-0.0388525835962157
78.1447336960198	-0.0402190593910682
78.1781003628414	-0.0395433096417981
78.2114670296629	-0.0377461470107828
78.2448336964844	-0.0369991338180613
78.278200363306	-0.0362635465494101
78.3115670301275	-0.0361485578391335
78.344933696949	-0.0357142675225515
78.3783003637705	-0.0349050132815737
78.4116670305921	-0.0353950266848788
78.4450336974136	-0.0377018742676958
78.4784003642351	-0.0368945350202001
78.5117670310567	-0.0352133262875557
78.5451336978782	-0.0336977060465091
78.5785003646997	-0.0330719605064925
78.6118670315212	-0.0360073291369275
78.6452336983428	-0.0345521450333853
78.6786003651643	-0.0361002267431712
78.7119670319858	-0.0351656122244174
78.7453336988074	-0.0366464850076218
78.7787003656289	-0.0370426539471405
78.8120670324504	-0.0395510735674891
78.845433699272	-0.041852623462354
78.8788003660935	-0.0396128059470837
78.912167032915	-0.0399689196616241
78.9455336997365	-0.0404691556591601
78.9789003665581	-0.038981426604474
79.0122670333796	-0.0392754294647936
79.0456337002011	-0.0394761641112432
79.0790003670226	-0.0386489435356819
79.1123670338442	-0.0356669667611659
79.1457337006657	-0.0368264704214914
79.1791003674872	-0.0370583777808257
79.2124670343088	-0.0372903955352666
79.2458337011303	-0.0364803985068304
79.2792003679518	-0.0348336361595497
79.3125670347734	-0.038172994032945
79.3459337015949	-0.0355864544399729
79.3793003684164	-0.0357066966387927
79.4126670352379	-0.0366040301762472
79.4460337020595	-0.0376792190204537
79.479400368881	-0.0361316985919176
79.5127670357025	-0.0383050186196201
79.546133702524	-0.0357838058153432
79.5795003693456	-0.036407763524142
79.6128670361671	-0.039856563386711
79.6462337029886	-0.0374398523979846
79.6796003698102	-0.0347347786694661
79.7129670366317	-0.0361518839768284
79.7463337034532	-0.0352393482382343
79.7797003702747	-0.0364506857617927
79.8130670370963	-0.0368501031008216
79.8464337039178	-0.0356827746601328
79.8798003707393	-0.0322521754197979
79.9131670375609	-0.0314739518979505
79.9465337043824	-0.0346174694410959
79.9799003712039	-0.0355780899229279
80.0132670380254	-0.0330565223275197
80.046633704847	-0.0378039246737305
80.0800003716685	-0.0310810660605517
80.11336703849	-0.0297371004572909
80.1467337053116	-0.0308965247872945
80.1801003721331	-0.0309290221169095
80.2134670389546	-0.0321207148794808
80.2468337057761	-0.0275803980385942
80.2802003725977	-0.0289460825200014
80.3135670394192	-0.0254849820335377
80.3469337062407	-0.0237745352736286
80.3803003730623	-0.0219690589416229
80.4136670398838	-0.0263301701846486
80.4470337067053	-0.0230561114613422
80.4804003735268	-0.0232364742416446
80.5137670403484	-0.0190736662568566
80.5471337071699	-0.0121630095416786
80.5805003739914	-0.0155034380923201
80.613867040813	-0.0226921440982257
80.6472337076345	-0.0289986872709375
80.680600374456	-0.0217923594203082
80.7139670412775	-0.0220761832644034
80.7473337080991	-0.0242506514145728
80.7807003749206	-0.0240001101824235
80.8140670417421	-0.0242495795698875
80.8474337085637	-0.0246543173794245
80.8808003753852	-0.0258512764626051
80.9141670422067	-0.029079667792701
80.9475337090282	-0.0315881503160933
80.9809003758498	-0.0267086764444931
81.0142670426713	-0.0310047817838736
