0.0333666668215285	0
0.0667333336430571	-0.0072228870519409
0.100100000464586	-0.0157480731901898
0.133466667286114	-0.0176084706547007
0.166833334107643	-0.0200040578917723
0.200200000929171	-0.0130306923757922
0.2335666677507	-0.00621766452668884
0.266933334572228	-0.00364431222219191
0.300300001393757	-0.00625750157906499
0.333666668215285	-0.0114506063176135
0.367033335036814	-0.0127892356488309
0.400400001858343	-0.0162501816501114
0.433766668679871	-0.0204102945803074
0.4671333355014	-0.00941044922127788
0.500500002322928	-0.00560480418078732
0.533866669144457	-0.00726895882293809
0.567233335965985	-0.00549900811816527
0.600600002787514	-0.00984668334177099
0.633966669609042	-0.0126043132372306
0.667333336430571	-0.00929899619178076
0.700700003252099	-0.0105213842411051
0.734066670073628	-0.0115794744844697
0.767433336895156	-0.0113254148625632
0.800800003716685	-0.0112758658256698
0.834166670538214	-0.0113554404554807
0.867533337359742	-0.0145552645078378
0.900900004181271	-0.0136748541758591
0.934266671002799	-0.0127386080020268
0.967633337824328	-0.0168728153241604
1.00100000464586	-0.0135067721433058
1.03436667146738	-0.0162838665885767
1.06773333828891	-0.0186777673040922
1.10110000511044	-0.0214929684223274
1.13446667193197	-0.0202361587359609
1.1678333387535	-0.0220856956176674
1.20120000557503	-0.0244566042048619
1.23456667239656	-0.0221187883265319
1.26793333921808	-0.0241887669843513
1.30130000603961	-0.0256684429454037
1.33466667286114	-0.0282709346614082
1.36803333968267	-0.0279622803063877
1.4014000065042	-0.0215531037394584
1.43476667332573	-0.0189960344751041
1.46813334014726	-0.0150136599591628
1.50150000696878	-0.00941871634158603
1.53486667379031	-0.0095245558940388
1.56823334061184	-0.00805248202769689
1.60160000743337	-0.0071247485150307
1.6349666742549	-0.00804261656787482
1.66833334107643	-0.00650928367720113
1.70170000789796	-0.00471182393062813
1.73506667471948	-0.00624971086519508
1.76843334154101	-0.00552487289537233
1.80180000836254	-0.00704339911041016
1.83516667518407	-0.00585004724244871
1.8685333420056	-0.00540088065461217
1.90190000882713	-0.00541633052780081
1.93526667564866	-0.00298659653172465
1.96863334247018	-0.00685421999600134
2.00200000929171	-0.00679837485317188
2.03536667611324	-0.00887116036628999
2.06873334293477	-0.00845220221570427
2.1021000097563	-0.0085538888526862
2.13546667657783	-0.00847006427629521
2.16883334339936	-0.00874809113158571
2.20220001022088	-0.0078626901908891
2.23556667704241	-0.00754035034819835
2.26893334386394	-0.00697076123669637
2.30230001068547	-0.00758100256882996
2.335666677507	-0.00754880578705605
2.36903334432853	-0.00624584938092853
2.40240001115006	-0.00265273819156804
2.43576667797158	-0.00268769694942351
2.46913334479311	-0.00148818541291083
2.50250001161464	-0.00138837646089695
2.53586667843617	-0.0025969931452417
2.5692333452577	0.00125236526319412
2.60260001207923	-0.00314121596948786
2.63596667890075	-0.00413895780776821
2.66933334572228	-0.00314121596948786
2.70270001254381	-0.00438179444422962
2.73606667936534	-0.00487309171090828
2.76943334618687	-0.00451783515105524
2.8028000130084	-0.00320548348879189
2.83616667982993	-0.00305421436167215
2.86953334665145	-0.00329745445876982
2.90290001347298	-0.00524983556104839
2.93626668029451	-0.00487802582978476
2.96963334711604	-0.00577162624764224
3.00300001393757	-0.00618627219507624
3.0363666807591	-0.00576289540045985
3.06973334758063	-0.0251751000981864
3.10310001440215	-0.00879227369371029
3.13646668122368	-0.00551471385871748
3.16983334804521	-0.0236445897614502
3.20320001486674	-0.00670110643159423
3.23656668168827	-0.00469546343116179
3.2699333485098	-0.00318609048297057
3.30330001533133	-0.00426307880135103
3.33666668215285	-0.0029772514008655
3.37003334897438	-0.00535254558173628
3.40340001579591	-0.00667225085427139
3.43676668261744	-0.00480749548073993
3.47013334943897	-0.00627049715283768
3.5035000162605	-0.00415035055597776
3.53686668308203	-0.00301941371852981
3.57023334990355	-0.00231470069312555
3.60360001672508	-0.00215742855503984
3.63696668354661	-0.00373760522763696
3.67033335036814	-0.0189529500518442
3.70370001718967	-0.00352489305924188
3.7370666840112	-0.0015182164250134
3.77043335083273	-0.00512767674470412
3.80380001765425	-0.00384045111154319
3.83716668447578	-0.00337686354011047
3.87053335129731	-0.000964324662825949
3.90390001811884	-0.00492742214835388
3.93726668494037	-0.00448104072156015
3.9706333517619	-0.0349964660326811
4.00400001858343	-0.00428085088571943
4.03736668540495	-0.00457590593497545
4.07073335222648	-0.00314121596948786
4.10410001904801	-0.00404909385469591
4.13746668586954	-0.00271692850715728
4.17083335269107	-0.00320484401098779
4.2042000195126	-0.00407314481575864
4.23756668633412	-0.00209913004140842
4.27093335315565	-0.00102959749434967
4.30430001997718	-0.00199563091804747
4.33766668679871	-0.00200942513820975
4.37103335362024	-0.00465520655462668
4.40440002044177	-0.0207696194085404
4.4377666872633	-0.00470370184685986
4.47113335408482	-0.00580075132143912
4.50450002090635	-0.00491749878078713
4.53786668772788	-0.00473752299082701
4.57123335454941	-0.0035287685853948
4.60460002137094	-0.00347888557549592
4.63796668819247	-0.00397711376688314
4.671333355014	-0.00359211853210731
4.70470002183552	-5.55589221320632e-05
4.73806668865705	-0.0127614372828363
4.77143335547858	-0.0125752507396084
4.80480002230011	-0.000313232993956381
4.83816668912164	-0.000409534399854165
4.87153335594317	-0.0307891328684991
4.9049000227647	-0.0319275370601945
4.93826668958622	0.0013268185629094
4.97163335640775	-0.0304872955222822
5.00500002322928	-0.00143598444774623
5.03836669005081	-0.00221787632261139
5.07173335687234	-0.00115978497464057
5.10510002369387	-0.102257364555467
5.1384666905154	-0.221181307703433
5.17183335733692	-0.500547472213462
5.20520002415845	-0.385663220432894
5.23856669097998	-0.201166681004869
5.27193335780151	-0.401255391592861
5.30530002462304	-0.141507423775979
5.33866669144457	-0.142516201373287
5.3720333582661	-0.939700346220162
5.40540002508762	-0.414368096881131
5.43876669190915	-0.234218229298853
5.47213335873068	-0.425001214094219
5.50550002555221	-0.318114060695221
5.53886669237374	-0.448511795015413
5.57223335919527	-0.00374448183332137
5.60560002601679	-0.00192878071478296
5.63896669283832	-0.0199197523981933
5.67233335965985	-0.00474246993937502
5.70570002648138	-0.00429623730851415
5.73906669330291	-0.0217299667252386
5.77243336012444	-0.00457720039207786
5.80580002694597	-0.00652075504781217
5.83916669376749	-0.0209586955697193
5.87253336058902	-0.00597558722750408
5.90590002741055	-0.00736011767023425
5.93926669423208	-0.00562456280271068
5.97263336105361	-0.00614567144616796
6.00600002787514	-0.00588762245494252
6.03936669469667	-0.00732151642572851
6.07273336151819	-0.0731464378604346
6.10610002833972	-0.0213674186238342
6.13946669516125	-0.036491119172846
6.17283336198278	-0.0220974262154439
6.20620002880431	-0.0225850098820148
6.23956669562584	-0.00656427916645257
6.27293336244737	-0.0570668902713287
6.30630002926889	-0.00684730951036581
6.33966669609042	-0.00593567427080417
6.37303336291195	-0.00684165483886961
6.40640002973348	-0.00686096110698891
6.43976669655501	-0.0586890510694863
6.47313336337654	-0.0804790574423368
6.50650003019807	-0.00199650036632857
6.53986669701959	-0.00242730325306926
6.57323336384112	-0.00039212776275775
6.60660003066265	-0.00104989429003555
6.63996669748418	-0.000534878686121129
6.67333336430571	-0.000204428341687181
6.70670003112724	-0.0024780703796798
6.74006669794877	-0.00141294077843695
6.77343336477029	-0.00356151951062625
6.80680003159182	-0.00272865995774621
6.84016669841335	-0.00361489138875959
6.87353336523488	-0.0174698954490746
6.90690003205641	-0.00570695779670638
6.94026669887794	-0.00312192602024876
6.97363336569947	-0.00778797171799657
7.00700003252099	-0.00813164453954732
7.04036669934252	-0.00975913798313296
7.07373336616405	-0.0110333767629436
7.10710003298558	-0.00896948288554933
7.14046669980711	-0.0109877518457207
7.17383336662864	-0.0405615475214587
7.20720003345017	-0.0396323296069343
7.24056670027169	-0.0382827889782128
7.27393336709322	-0.0238336890188372
7.30730003391475	-0.0361463003432277
7.34066670073628	-0.0222855932822268
7.37403336755781	-0.0202126449047902
7.40740003437934	-0.00318032678399214
7.44076670120087	-0.0162029763402805
7.47413336802239	-0.0316677753726236
7.50750003484392	0.00100120967582073
7.54086670166545	0.000792349510804776
7.57423336848698	-3.49525109274716e-05
7.60760003530851	-0.00161548250335549
7.64096670213004	0.00129675839171582
7.67433336895157	-0.015175530851088
7.70770003577309	-0.0384669064081052
7.74106670259462	-0.00219619850251864
7.77443336941615	-0.00387325979845472
7.80780003623768	-0.00577429400650253
7.84116670305921	-0.00630807444165036
7.87453336988074	-0.00569070422881401
7.90790003670226	-0.006105070697235
7.94126670352379	-0.0072801273135352
7.97463337034532	-0.00554325525524533
8.00800003716685	-0.0114090046304381
8.04136670398838	-0.00960175777124225
8.07473337080991	-0.0095696678343498
8.10810003763144	-0.00910952604099318
8.14146670445296	-0.00958320141643356
8.17483337127449	-0.00832108572772871
8.20820003809602	-0.00822062883384195
8.24156670491755	-0.00906465153147826
8.27493337173908	-0.00690858783994514
8.30830003856061	-0.00731161902933761
8.34166670538213	-0.00483727955776376
8.37503337220366	-0.00535801691266742
8.40840003902519	-0.00735501050493877
8.44176670584672	-0.00636220877338727
8.47513337266825	-0.00357904568142163
8.50850003948978	-0.00554065372599983
8.54186670631131	-0.00726375359881295
8.57523337313284	-0.00835164543003539
8.60860003995436	-0.00705270054187155
8.64196670677589	-0.0111288789195389
8.67533337359742	-0.00731548051353616
8.70870004041895	-0.0103975199218195
8.74206670724048	-0.0114009306187766
8.77543337406201	-0.0139186613743581
8.80880004088353	-0.0103795681294502
8.84216670770506	-0.0134255916184971
8.87553337452659	-0.0143285671182306
8.90890004134812	-0.01111341369387
8.94226670816965	-0.00898838938679105
8.97563337499118	-0.00718109681983898
9.00900004181271	-0.00790052601313304
9.04236670863424	-0.00641183191077384
9.07573337545576	-0.0453309583214618
9.10910004227729	-0.00781246174351901
9.14246670909882	-0.00700253855506158
9.17583337592035	-0.0068741708902803
9.20920004274188	-0.00604885427559639
9.24256670956341	-0.00873364170724708
9.27593337638493	-0.00621151618402157
9.30930004320646	-0.00726603264288943
9.34266671002799	-0.00655614289076857
9.37603337684952	-0.00662080993855477
9.40940004367105	-0.00640377620665513
9.44276671049258	-0.00949142681284257
9.47613337731411	-0.0106479412625777
9.50950004413563	-0.00902832454755247
9.54286671095716	-0.00989655589270675
9.57623337777869	-0.00604373765092911
9.60960004460022	-0.00988545141518242
9.64296671142175	-0.00973776916940305
9.67633337824328	-0.0107280506915424
9.70970004506481	-0.00953583387912075
9.74306671188633	-0.0090752500337295
9.77643337870786	-0.00811877708348963
9.80980004552939	-0.00601318479166604
9.84316671235092	-0.00454781555876235
9.87653337917245	-0.00414560625406559
9.90990004599398	-0.00307563014206282
9.94326671281551	-0.00192319345552544
9.97663337963703	-0.000975480745775852
10.0100000464586	-0.00162314400572682
10.0433667132801	-0.00122591969412041
10.0767333801016	-0.00311865999709701
10.1101000469231	-0.00163535231298648
10.1434667137447	-0.000210349284510144
10.1768333805662	-0.00206422764179237
10.2102000473877	-0.00188986448114443
10.2435667142093	-0.000321025369583606
10.2769333810308	-0.00279178328202465
10.3103000478523	-0.00385533576328464
10.3436667146738	-0.00224372569689601
10.3770333814954	-0.00384045111154319
10.4104000483169	-0.00481519977160756
10.4437667151384	-0.00367144964764991
10.47713338196	-0.00634454630074894
10.5105000487815	-0.00578026470490594
10.543866715603	-0.00950089061385717
10.5772333824245	-0.0102619626045688
10.6106000492461	-0.00953583387912075
10.6439667160676	-0.0104661741739241
10.6773333828891	-0.00875306524668455
10.7107000497107	-0.0062764960814487
10.7440667165322	-0.00507474348705089
10.7774333833537	-0.00380233513703139
10.8108000501752	-0.00572556939516804
10.8441667169968	-0.00531810723987405
10.8775333838183	-0.00462610856902731
10.9109000506398	-0.00638696907851433
10.9442667174614	-0.0068741708902803
10.9776333842829	-0.00611545693533714
11.0110000511044	-0.00318806298905733
11.0443667179259	-0.00448501253403978
11.0777333847475	-0.000931557319711866
11.111100051569	-0.00401079920037732
11.1444667183905	-0.00473191699606533
11.1778333852121	-0.00618627219507624
11.2112000520336	-0.00496824971776148
11.2445667188551	-0.0045475924660464
11.2779333856766	-0.00644166400214595
11.3113000524982	-0.00579123788034705
11.3446667193197	-0.00578026470490594
11.3780333861412	-0.00420698566003966
11.4114000529628	-0.00486724297487412
11.4447667197843	-0.00449189438734686
11.4781333866058	-0.00706828845804293
11.5115000534273	-0.00600447779678961
11.5448667202489	-0.00554325525524533
11.5782333870704	-0.00557726095893984
11.6116000538919	-0.000362791469126092
11.6449667207135	-0.00228860021064422
11.678333387535	-0.00248870390956808
11.7117000543565	-0.00251851906742373
11.745066721178	-0.00331371048654536
11.7784333879996	-0.00626416898070142
11.8118000548211	-0.00491557847506317
11.8451667216426	-0.00563557054560471
11.8785333884642	-0.00786378814427646
11.9119000552857	-0.00829930560839346
11.9452667221072	-0.00790000145566952
11.9786333889287	-0.00869313233473871
12.0120000557503	-0.00443107056795199
12.0453667225718	-0.0069555495379238
12.0787333893933	-0.0101642066963524
12.1121000562149	-0.0104599115481731
12.1454667230364	-0.00633270112535594
12.1788333898579	-0.00853426726510993
12.2122000566794	-0.00637366026663447
12.245566723501	-0.00380045495454761
12.2789333903225	-0.00576650173909527
12.312300057144	-0.0053400671076814
12.3456667239656	-0.00627375447164404
12.3790333907871	-0.00406601083385161
12.4124000576086	-0.00661116375189293
12.4457667244301	-0.00416064784762736
12.4791333912517	-0.00263318067334131
12.5125000580732	-0.003956558903088
12.5458667248947	-0.00278397473033943
12.5792333917163	-0.00205816351830632
12.6126000585378	-0.00130136090596477
12.6459667253593	-0.00157060798946427
12.6793333921808	-0.00230573821589271
12.7127000590024	-0.00251951697912835
12.7460667258239	-0.00292806203023989
12.7794333926454	-0.00389861575064257
12.812800059467	-0.00344264578196719
12.8461667262885	-0.00895024618833893
12.87953339311	-0.00566335155284822
12.9129000599315	-0.00433823808423872
12.9462667267531	-0.00664542202388842
12.9796333935746	-0.00652863526594378
13.0130000603961	-0.00744757463526677
13.0463667272177	-0.00700463103473023
13.0797333940392	-0.00504599583391813
13.1131000608607	-0.00913763425022641
13.1464667276822	-0.00616089672701111
13.1798333945038	-0.00709978903862438
13.2132000613253	-0.00624163685263766
13.2465667281468	-0.00526225514513153
13.2799333949684	-0.00289824256720984
13.3133000617899	-0.00273005608638319
13.3466667286114	-0.00285989604959886
13.3800333954329	-0.00281987837250539
13.4134000622545	-0.00408623342962075
13.446766729076	-0.00625830578178686
13.4801333958975	-0.0038807296334204
13.5135000627191	-0.00522641752710174
13.5468667295406	-0.00518205153701297
13.5802333963621	-0.00621349057421842
13.6136000631836	-0.00444257685332544
13.6469667300052	-0.0063495123192982
13.6803333968267	-0.00483291388575952
13.7137000636482	-0.00651150332416079
13.7470667304698	-0.00556195916901905
13.7804333972913	-0.00671298461102964
13.8138000641128	-0.00871949971746423
13.8471667309343	-0.00788525735587599
13.8805333977559	-0.00922134449073568
13.9139000645774	-0.0099713096233838
13.9472667313989	-0.0101682685761993
13.9806333982205	-0.00877795327520581
14.014000065042	-0.00704339911041016
14.0473667318635	-0.00754181331269249
14.080733398685	-0.00613444145178482
14.1141000655066	-0.00794278877972877
14.1474667323281	-0.0110115148234479
14.1808333991496	-0.00662502222197726
14.2142000659712	-0.00753751585448945
14.2475667327927	-0.00792898123801015
14.2809333996142	-0.00758964589093064
14.3143000664357	-0.00486560737328589
14.3476667332573	-0.005975329756349
14.3810334000788	-0.00389352398742497
14.4144000669003	-0.00360406452205442
14.4477667337219	-0.00640401922789676
14.4811334005434	-0.00574921707320623
14.5145000673649	-0.00759376480738848
14.5478667341864	-0.00740429465002424
14.581233401008	-0.00755387635326083
14.6146000678295	-0.00908078618658936
14.647966734651	-0.00713645725369664
14.6813334014726	-0.00925568872881536
14.7147000682941	-0.00717385797127808
14.7480667351156	-0.00643741084755567
14.7814334019371	-0.00676936805423015
14.8148000687587	-0.00574065421793231
14.8481667355802	-0.00698428690973917
14.8815334024017	-0.00542657776569385
14.9149000692233	-0.00727244685972317
14.9482667360448	-0.00529385968888639
14.9816334028663	-0.00519544562176053
15.0150000696878	-0.00696022396619275
15.0483667365094	-0.00595303384995223
15.0817334033309	-0.00702323734835299
15.1151000701524	-0.00862231707820282
15.148466736974	-0.00939871732344943
15.1818334037955	-0.00800997793760245
15.215200070617	-0.00636671996769664
15.2485667374385	-0.00656493202823131
15.2819334042601	-0.00498708511704336
15.3153000710816	-0.00616733920336021
15.3486667379031	-0.0067952834256212
15.3820334047247	-0.00806377641032172
15.4154000715462	-0.00768849988582202
15.4487667383677	-0.0106452314493028
15.4821334051892	-0.010295347833015
15.5155000720108	-0.0115521546747249
15.5488667388323	-0.00967484730369361
15.5822334056538	-0.00988116704099764
15.6156000724754	-0.0100918875746513
15.6489667392969	-0.00989460779903263
15.6823334061184	-0.0115327494826192
15.7157000729399	-0.0101900686719288
15.7490667397615	-0.010115175293361
15.782433406583	-0.00975333787655089
15.8158000734045	-0.0115189075949602
15.8491667402261	-0.0113523672284015
15.8825334070476	-0.0110583618366382
15.9159000738691	-0.00984625220520779
15.9492667406906	-0.010341535283992
15.9826334075122	-0.00761326908825583
16.0160000743337	-0.00590918651483943
16.0493667411552	-0.00447865244216025
16.0827334079768	-0.00456224222111449
16.1161000747983	-0.00409823365128332
16.1494667416198	-0.00655167893410903
16.1828334084413	-0.00579991022867778
16.2162000752629	-0.00631677460211057
16.2495667420844	-0.00509992782436146
16.2829334089059	-0.00853131540355715
16.3163000757275	-0.00553787217234301
16.349666742549	-0.00673557644249657
16.3830334093705	-0.00692168198215241
16.416400076192	-0.00897032348072076
16.4497667430136	-0.00892380777360458
16.4831334098351	-0.0122890718903757
16.5165000766566	-0.0125036706152023
16.5498667434782	-0.0138310457495406
16.5832334102997	-0.0138452497995807
16.6166000771212	-0.0159304508385153
16.6499667439427	-0.0160672340739129
16.6833334107643	-0.0177506411712401
16.7167000775858	-0.0159304508385153
16.7500667444073	-0.0153004393755563
16.7834334112289	-0.0138208866250196
16.8168000780504	-0.0117517903911618
16.8501667448719	-0.0116673730026352
16.8835334116934	-0.00939894604164107
16.916900078515	-0.00906793503217632
16.9502667453365	-0.00892539307678681
16.983633412158	-0.00684388995550123
17.0170000789796	-0.00379870573004854
17.0503667458011	-0.00535801691266742
17.0837334126226	-0.0072116131333963
17.1171000794441	-0.00389613616803344
17.1504667462657	-0.0018796926513001
17.1838334130872	-0.00226223065101984
17.2172000799087	-0.000777528708243649
17.2505667467303	-0.0020701961731841
17.2839334135518	-0.00521695587965441
17.3173000803733	-0.0052081632375803
17.3506667471948	-0.00567434970708143
17.3840334140164	-0.0057249000469711
17.4174000808379	-0.00786403841306229
17.4507667476594	-0.00798656879003278
17.484133414481	-0.00791331895187691
17.5175000813025	-0.0094670745506712
17.550866748124	-0.0109384529012047
17.5842334149455	-0.0102156220446187
17.6176000817671	-0.0111288789195389
17.6509667485886	-0.00990185575697947
17.6843334154101	-0.0106460105206193
17.7177000822317	-0.0096303356160718
17.7510667490532	-0.00799815633504208
17.7844334158747	-0.00635942244749044
17.8178000826962	-0.00677272745422599
17.8511667495178	-0.00691834787044378
17.8845334163393	-0.00657472260226677
17.9179000831608	-0.00560237482445042
17.9512667499824	-0.00553492327922793
17.9846334168039	-0.00814169201542762
18.0180000836254	-0.00602910800561872
18.0513667504469	-0.00548830426109128
18.0847334172685	-0.00632627477732547
18.11810008409	-0.00902378815126727
18.1514667509115	-0.00967793649090075
18.1848334177331	-0.00987361877519416
18.2182000845546	-0.00915967990451536
18.2515667513761	-0.00965043275962545
18.2849334181976	-0.00839153388354478
18.3183000850192	-0.00443867472176416
18.3516667518407	-0.00486284392554851
18.3850334186622	-0.00416599451829143
18.4184000854838	-0.00488704821858672
18.4517667523053	-0.00548692914835186
18.4851334191268	-0.00427142754796218
18.5185000859483	-0.00312042046323469
18.5518667527699	-0.00152573347556632
18.5852334195914	-0.00627727387357252
18.6186000864129	-0.006785076533538
18.6519667532345	-0.0039938317227667
18.685333420056	-0.00462303478757796
18.7187000868775	-0.00721269561382889
18.752066753699	-0.00536543096255169
18.7854334205206	-0.00494839065547095
18.8188000873421	-0.00476980785166278
18.8521667541636	-0.00614474870187459
18.8855334209852	-0.00711527237483656
18.9189000878067	-0.00619951156971419
18.9522667546282	-0.00816316726576886
18.9856334214497	-0.0111520558628402
19.0190000882713	-0.0102762632720372
19.0523667550928	-0.00906343870689619
19.0857334219143	-0.0074487017182155
19.1191000887359	-0.00584621516032425
19.1524667555574	-0.00994400095422461
19.1858334223789	-0.00784606444595269
19.2192000892004	-0.00744801853255131
19.252566756022	-0.00700042404929137
19.2859334228435	-0.00646192991068009
19.319300089665	-0.00663331235424447
19.3526667564866	-0.00442625884861443
19.3860334233081	-0.00494401046428466
19.4194000901296	-0.00290556839844016
19.4527667569511	-0.00234711305698607
19.4861334237727	-0.00166306301807501
19.5195000905942	-0.000312827141060077
19.5528667574157	-0.00172018970240345
19.5862334242373	-0.00284485220359926
19.6196000910588	-0.000565605853841662
19.6529667578803	-0.00159100549578013
19.6863334247018	-0.00465542426969312
19.7197000915234	-0.00621151618402157
19.7530667583449	-0.00416435487262158
19.7864334251664	-0.00464032058600248
19.819800091988	-0.0026720733276539
19.8531667588095	-0.00334816154124126
19.886533425631	-0.00634404712582756
19.9199000924525	-0.0101190908647051
19.9532667592741	-0.0107004892910963
19.9866334260956	-0.0117789719062725
20.0200000929171	-0.0115025025774993
20.0533667597387	-0.0117142200149747
20.0867334265602	-0.00915824693698665
20.1201000933817	-0.0500818791437636
20.1534667602032	-0.00749451853456479
20.1868334270248	-0.0078031791910698
20.2202000938463	-0.00418330188925445
20.2535667606678	-0.0435367348649892
20.2869334274894	-0.00580293517396275
20.3203000943109	-0.109803339126078
20.3536667611324	-0.00488124811149958
20.3870334279539	-0.0396373045989663
20.4204000947755	-0.00195458578846553
20.453766761597	-0.00214069747651222
20.4871334284185	-0.00169089019162849
20.5205000952401	-0.00170612013534889
20.5538667620616	-0.00415829567440851
20.5872334288831	-0.00459247682199411
20.6206000957046	-0.00521576230833201
20.6539667625262	-0.0044462400788716
20.6873334293477	-0.00533734744025885
20.7207000961692	-0.00347829661688153
20.7540667629908	-0.0065805113498211
20.7874334298123	-0.00770725454600009
20.8208000966338	-0.00812184251965159
20.8541667634553	-0.00976538425175965
20.8875334302769	-0.00651350211072583
20.9209000970984	-0.00682202050389807
20.9542667639199	-0.00601826909598674
20.9876334307415	-0.00676161948840966
21.021000097563	-0.0078943036763205
21.0543667643845	-0.00475367580785499
21.087733431206	-0.00436253042478387
21.1211000980276	-0.00360968616438233
21.1544667648491	-0.00181186881673916
21.1878334316706	-0.00344740394790353
21.2212000984922	-0.00248197698110129
21.2545667653137	-0.00339469632922039
21.2879334321352	-0.00473987050113304
21.3213000989567	-0.00256987551305335
21.3546667657783	-0.00287087438794649
21.3880334325998	-0.00339469632922039
21.4214000994213	-0.00382330857262881
21.4547667662429	-0.00223417792801104
21.4881334330644	-0.00434599909714254
21.5215000998859	-0.00539814000615044
21.5548667667074	-0.00529472997135797
21.588233433529	-0.00642050728443871
21.6216001003505	-0.00590768194941844
21.654966767172	-0.00616733920336021
21.6883334339936	-0.00584574978412708
21.7217001008151	-0.00526182436794987
21.7550667676366	-0.00454803195869771
21.7884334344581	-0.00573422261824217
21.8218001012797	-0.00369726972235183
21.8551667681012	-0.00284865173906336
21.8885334349227	-0.00272326706869597
21.9219001017443	-0.00472699888665136
21.9552667685658	-0.002585162214257
21.9886334353873	-0.00263127831524942
22.0220001022088	-0.00436526828642725
22.0553667690304	-0.0019441938437685
22.0887334358519	-0.00197052593679586
22.1221001026734	-0.000476791711521065
22.155466769495	-0.00146942036007448
22.1888334363165	-0.00371114628656077
22.222200103138	-0.00469546343116179
22.2555667699595	-0.00520683144167545
22.2889334367811	-0.00453324168556765
22.3223001036026	-0.00498061542828936
22.3556667704241	-0.00471855510754936
22.3890334372457	-0.00475367580785499
22.4224001040672	-0.00612316222266952
22.4557667708887	-0.00687960805707094
22.4891334377102	-0.00699394484177018
22.5225001045318	-0.00392240841384223
22.5558667713533	-0.00176260839710072
22.5892334381748	-0.00517016788381077
22.6226001049964	-0.00498708511704336
22.6559667718179	-0.00347254333549548
22.6893334386394	-0.00562611212780643
22.7227001054609	-0.00189243531112449
22.7560667722825	-0.001422592577101
22.789433439104	-0.00137795300827783
22.8228001059255	0.000515943016579717
22.8561667727471	-0.00138084014456942
22.8895334395686	-0.00176459677341372
22.9229001063901	-0.0037196236420093
22.9562667732116	-0.00466374409545491
22.9896334400332	-0.00570799112001972
23.0230001068547	-0.00365457100494725
23.0563667736762	-0.00472592063622273
23.0897334404978	-0.00545137595417495
23.1231001073193	-0.00707272187308839
23.1564667741408	-0.00534773410981121
23.1898334409623	-0.00712008941276902
23.2232001077839	-0.00463782872329433
23.2565667746054	-0.0053400671076814
23.2899334414269	-0.00605315498545037
23.3233001082484	-0.00385172909767093
23.35666677507	-0.00438952079932443
23.3900334418915	-0.00386684639822233
23.423400108713	-0.00556443966970113
23.4567667755346	-0.00524933182966626
23.4901334423561	-0.00695317522515213
23.5235001091776	-0.00573422261824217
23.5568667759992	-0.00672037830132835
23.5902334428207	-0.00603646194497316
23.6236001096422	-0.00556195916901905
23.6569667764637	-0.00569027335367131
23.6903334432853	-0.00663331235424447
23.7237001101068	-0.00630686847881373
23.7570667769283	-0.00672895547010709
23.7904334437499	-0.00567309521472009
23.8238001105714	-0.00577817188278506
23.8571667773929	-0.00610974722329186
23.8905334442144	-0.00364008688973186
23.923900111036	-0.00679861135582662
23.9572667778575	-0.00653334311212851
23.990633444679	-0.00735529374715189
24.0240001115006	-0.00641705539891746
24.0573667783221	-0.00668630246901124
24.0907334451436	-0.00558410378184602
24.1241001119651	-0.0423878798710202
24.1574667787867	-0.00340222079258089
24.1908334456082	-0.0441217453598847
24.2242001124297	-0.00354087960462218
24.2575667792512	-0.00378848970947753
24.2909334460728	-0.00026924708417005
24.3243001128943	-0.00299911334335973
24.3576667797158	-0.00119502781857482
24.3910334465374	-1.19347111776612e-05
24.4244001133589	-0.00110038037007979
24.4577667801804	-0.00211985334117848
24.4911334470019	-0.00255882815658094
24.5245001138235	-0.00219141084924666
24.557866780645	-0.00260021612305535
24.5912334474665	-0.00284798832810944
24.6246001142881	-0.0020701961731841
24.6579667811096	-0.00247510990829029
24.6913334479311	-0.00522431126292633
24.7247001147527	-0.00520248481108403
24.7580667815742	-0.00483727955776376
24.7914334483957	-0.002961717915406
24.8248001152172	-0.0042998989146037
24.8581667820388	-0.00395755020148424
24.8915334488603	-0.00416064784762736
24.9249001156818	-0.00480937721930225
24.9582667825034	-0.00530488909789749
24.9916334493249	-0.00749597375850804
25.0250001161464	-0.00409360590622728
25.0583667829679	-0.00327443718134284
25.0917334497895	-0.00343522140235806
25.125100116611	-0.00350021207689658
25.1584667834325	-0.00298818237211305
25.191833450254	-0.000824325311839355
25.2252001170756	-0.000720472725098658
25.2585667838971	-0.000686716047898405
25.2919334507186	-0.000457055235448732
25.3253001175402	-0.00164579042110989
25.3586667843617	-0.00257905173341934
25.3920334511832	-0.00339469632922039
25.4254001180047	-0.00291201818533684
25.4587667848263	-0.00425827938819179
25.4921334516478	-0.00544425850438066
25.5255001184693	-0.00305146694247736
25.5588667852909	-0.00435282782738047
25.5922334521124	-0.00188217197174847
25.6256001189339	-0.0027806570670857
25.6589667857554	-0.0012317119207841
25.692333452577	-0.00182273799008514
25.7257001193985	-0.00554664028212423
25.75906678622	-0.00332262357708547
25.7924334530416	-0.0040835807490419
25.8258001198631	-0.00358070862660742
25.8591667866846	-0.00405473284774812
25.8925334535062	-0.00533867923616147
25.9259001203277	-0.00261920632178067
25.9592667871492	-0.00253858179487648
25.9926334539707	-0.00231538395182937
26.0260001207923	-0.00243427325519806
26.0593667876138	-0.00209151315017972
26.0927334544353	-0.00361972481139596
26.1261001212568	-0.00189954253284079
26.1594667880784	-0.00198619462024929
26.1928334548999	-0.00255693613525637
26.2262001217214	-0.00401168754998985
26.259566788543	-0.00487309171090828
26.2929334553645	-0.00567241896493204
26.326300122186	-0.00533036451039002
26.3596667890075	-0.00561871198564921
26.3930334558291	-0.00511045538871244
26.4264001226506	-0.0061297659981356
26.4597667894721	-0.00470949882633662
26.4931334562937	-0.00577360884439108
26.5265001231152	-0.00569906320658724
26.5598667899367	-0.006205303796118
26.5932334567582	-0.00445969393558333
26.6266001235798	-0.00551911415722686
26.6599667904013	-0.00491928398962528
26.6933334572228	-0.00582695556639687
26.7267001240444	-0.00301704862627727
26.7600667908659	-0.00143598444774623
26.7934334576874	-0.000740647318771268
26.8268001245089	0.000138075427782459
26.8601667913305	-0.000265167582894423
26.893533458152	-0.000224372570143404
26.9269001249735	-0.00114617908925908
26.9602667917951	-0.00026924708417005
26.9936334586166	-0.00155651128352918
27.0270001254381	-0.00214347412358708
27.0603667922596	-0.000977542805241695
27.0937334590812	-0.00423889493204737
27.1271001259027	-0.00128867387061065
27.1604667927242	-0.000954455336909432
27.1938334595458	-0.0032833185954614
27.2272001263673	-0.00248197698110129
27.2605667931888	-0.00451783515105524
27.2939334600103	-0.00312000662231462
27.3273001268319	-0.00463782872329433
27.3606667936534	-0.0036440406452688
27.3940334604749	-0.00595203710488567
27.4274001272965	4.48745140299493e-05
27.460766794118	0.000720106730219779
27.4941334609395	-0.000299163426853114
27.527500127761	-0.00169089019162849
27.5608667945826	-0.00228860021064422
27.5942334614041	-0.00255882815658094
27.6276001282256	-0.00232394179659376
27.6609667950472	-0.00169042998988837
27.6943334618687	-0.0159765381629563
27.7277001286902	-7.71280709881555e-05
27.7610667955117	-0.00119031549857656
27.7944334623333	0.00161548250335549
27.8278001291548	0.00166608567858466
27.8611667959763	0.000720106730219779
27.8945334627979	0.000260176703675763
27.9279001296194	0.00103258371243506
27.9612667964409	0.000422280683273928
27.9946334632624	0.00112186285016842
28.028000130084	0.00146986928478413
28.0613667969055	-0.000855854133300974
28.094733463727	-0.00126044590796084
28.1281001305486	-0.00116265786285756
28.1614667973701	-0.00273130454756863
28.1948334641916	-0.00114617908925908
28.2282001310131	-0.00588176657767209
28.2615667978347	-0.00540325774766519
28.2949334646562	-0.00459154173124545
28.3283001314777	-0.00350909586380525
28.3616667982993	-0.00499285623264763
28.3950334651208	-0.0035244140616278
28.4284001319423	-0.00255029415692922
28.4617667987638	-0.00390638395349906
28.4951334655854	-0.00193296368962806
28.5285001324069	-0.00596831027959841
28.5618667992284	-0.00660496741670962
28.59523346605	-0.00689733395555857
28.6286001328715	-0.00451783515105524
28.661966799693	-0.00519544562176053
28.6953334665145	-0.0048464474689703
28.7287001333361	-0.00459109554581183
28.7620668001576	-0.00440273927549321
28.7954334669791	-0.0213889938900168
28.8288001338007	-0.00300799475749701
28.8621668006222	-0.00450453557169308
28.8955334674437	-0.00408127949195893
28.9289001342652	-0.0039938317227667
28.9622668010868	-0.00409316559650405
28.9956334679083	-0.00509425204390925
29.0290001347298	-0.0077577104870588
29.0623668015514	-0.00784836533029752
29.0957334683729	-0.00712008941276902
29.1291001351944	-0.00946060308445856
29.1624668020159	-0.00927096806301741
29.1958334688375	-0.00984033947520932
29.229200135659	-0.00773586742497635
29.2625668024805	-0.0105835395646613
29.2959334693021	-0.0103613432644774
29.3293001361236	-0.0107853568279134
29.3626668029451	-0.0105531593845088
29.3960334697666	-0.00993778126549057
29.4294001365882	-0.011594291663262
29.4627668034097	-0.00853809212401554
29.4961334702312	-0.0411133538550265
29.5295001370528	-0.0102929379526968
29.5628668038743	-0.011529854353151
29.5962334706958	-0.00953583387912075
29.6296001375173	-0.00690005955070278
29.6629668043389	-0.00768232151114653
29.6963334711604	-0.00915561337504204
29.7297001379819	-0.00965989171482821
29.7630668048035	-0.011208977502299
29.796433471625	-0.00813380541264479
29.8298001384465	-0.00862231707820282
29.863166805268	-0.00650205579683166
29.8965334720896	-0.00485983933926453
29.9299001389111	-0.00563721543319612
29.9632668057326	-0.00533483900914051
29.9966334725542	-0.0035287685853948
30.0300001393757	-0.00427952495795918
30.0633668061972	-0.00653800060701712
30.0967334730187	-0.00530769860687584
30.1301001398403	-0.00648254792958699
30.1634668066618	-0.00637527568104141
30.1968334734833	-0.00677092297651381
30.2302001403049	-0.00489381501018755
30.2635668071264	-0.0210370244133646
30.2969334739479	-0.00271959279263959
30.3303001407694	-0.0200616802349904
30.363666807591	-0.0195294305804689
30.3970334744125	-0.0344109908712574
30.430400141234	-0.0034076583930562
30.4637668080556	-0.00489918658702495
30.4971334748771	-0.00112679411543874
30.5305001416986	-0.00316353575368251
30.5638668085201	-0.0036934282456566
30.5972334753417	-0.00440608549113827
30.6306001421632	-0.00537425721241364
30.6639668089847	-0.00559021864486938
30.6973334758063	-0.0064150719950823
30.7307001426278	-0.00577817188278506
30.7640668094493	-0.00580564017311094
30.7974334762708	-0.00565297586966394
30.8308001430924	-0.00523818983605931
30.8641668099139	-0.00637218088712431
30.8975334767354	-0.00740429465002424
30.930900143557	-0.00477433568975163
30.9642668103785	-0.00753479705440202
30.9976334772	-0.00813380541264479
31.0310001440215	-0.0250008266290633
31.0643668108431	-0.0114915759660861
31.0977334776646	-0.0113243667150023
31.1311001444861	-0.0102161123353942
31.1644668113077	-0.0100716956808097
31.1978334781292	-0.0106589028943388
31.2312001449507	-0.0110583618366382
31.2645668117722	-0.0114577134220605
31.2979334785938	-0.0109646678101987
31.3313001454153	-0.00932379594967793
31.3646668122368	-0.00992338645557686
31.3980334790584	-0.0109238128567361
31.4314001458799	-0.00915561337504204
31.4647668127014	-0.00922807153650051
31.4981334795229	-0.00784785195379019
31.5315001463445	-0.00669746296930154
31.564866813166	-0.00789277239812025
31.5982334799875	-0.00731111260518044
31.6316001468091	-0.0451127280256014
31.6649668136306	-0.0441922496892046
31.6983334804521	-0.00807963382171191
31.7317001472736	-0.00927366595776555
31.7650668140952	-0.0109339401993262
31.7984334809167	-0.0106304080383031
31.8318001477382	-0.0109459290048829
31.8651668145598	-0.0103337946928362
31.8985334813813	-0.0105779196874939
31.9319001482028	-0.0128100537181943
31.9652668150243	-0.012054925557359
31.9986334818459	-0.00883898452623059
32.0320001486674	-0.0104034452952311
32.0653668154889	-0.0113427731438637
32.0987334823105	-0.0127448542701432
32.132100149132	-0.0132379806965189
32.1654668159535	-0.0125716622901034
32.198833482775	-0.0126887354549907
32.2322001495966	-0.00761224970075421
32.2655668164181	-0.00865307521994397
32.2989334832396	-0.0260609874641826
32.3323001500612	-0.00943433201327534
32.3656668168827	-0.00499839878921776
32.3990334837042	-0.00426967799444412
32.4324001505257	-0.00496212900174664
32.4657668173473	-0.00474514658865265
32.4991334841688	-0.00444968568705926
32.5325001509903	-0.00670828182162083
32.5658668178119	-0.00640885498052148
32.5992334846334	-0.0089545050079356
32.6326001514549	-0.00740429465002424
32.6659668182764	-0.0066254629869281
32.699333485098	-0.00832831166719171
32.7327001519195	-0.00983424936330843
32.766066818741	-0.00952501388328033
32.7994334855626	-0.0102334285141344
32.8328001523841	-0.0110098833354254
32.8661668192056	-0.00661553121281481
32.8995334860271	-0.00744340546237817
32.9329001528487	-0.00905985910812914
32.9662668196702	-0.00713545185806218
32.9996334864917	-0.00557117084655142
33.0330001533133	-0.00516928255517877
33.0663668201348	-0.00145842170470445
33.0997334869563	-0.00163274193177271
33.1331001537778	-0.0004201018334389
33.1664668205994	0.00210237097851609
33.1998334874209	0.00268679051567118
33.2332001542424	0.00472720947787824
33.266566821064	0.00510362170659117
33.2999334878855	0.00674350514309324
33.333300154707	0.00488923479506555
33.3666668215285	0.00278789365016912
33.4000334883501	0.00146290915609549
33.4334001551716	0.00189284519009288
33.4667668219931	0.00090763778346243
33.5001334888147	-0.000321719399511521
33.5335001556362	-0.00223065545017076
33.5668668224577	-0.00677116416907936
33.6002334892792	-0.00896601647080517
33.6336001561008	-0.00851986659472945
33.6669668229223	-0.0100308358659483
33.7003334897438	-0.0126447616321315
33.7337001565654	-0.0113121164903834
33.7670668233869	-0.011989114746487
33.8004334902084	-0.0169498823974855
33.8338001570299	-0.0117095816969234
33.8671668238515	-0.0124368066069676
33.900533490673	-0.0101131257364854
33.9339001574945	-0.00917301869799577
33.9672668243161	-0.00290317603731061
34.0006334911376	-0.000358996112218189
34.0340001579591	0.00393506205577244
34.0673668247806	0.00416691913051246
34.1007334916022	0.00732270462990668
34.1341001584237	0.00758379269385956
34.1674668252452	0.00804164277395525
34.2008334920668	0.00584831973631972
34.2342001588883	-0.382906747611991
34.2675668257098	-0.555632136497517
34.3009334925313	0.00276326217887298
34.3343001593529	-0.000745771685372046
34.3676668261744	-0.363130093451246
34.4010334929959	-0.0408662225568944
34.4344001598175	-0.0928695212119276
34.467766826639	-0.00676682495703605
34.5011334934605	-0.00864125006908018
34.534500160282	-0.0126823915889239
34.5678668271036	-0.0123709878317387
34.6012334939251	-0.00974664544587679
34.6346001607466	-0.0116017871852555
34.6679668275682	-0.0103755311235093
34.7013334943897	-0.00888159907636621
34.7347001612112	-0.00387486208316485
34.7680668280327	-0.00207544627024106
34.8014334948543	-7.26230057962705e-05
34.8348001616758	0.000912888397843947
34.8681668284973	0.00194564619708763
34.9015334953189	0.00288122870853931
34.9349001621404	0.0023271312067346
34.9682668289619	0.00214322548377254
35.0016334957834	0.000292290753535056
35.035000162605	-0.00303621402901391
35.0683668294265	-0.00100967656524935
35.101733496248	-0.00502594551975855
35.1351001630696	-0.00504781902592162
35.1684668298911	-0.00541061609242787
35.2018334967126	-0.00534773410981121
35.2352001635341	-0.00731945726591875
35.2685668303557	-0.00714328984035317
35.3019334971772	-0.00876672179708847
35.3353001639987	-0.00799386933961931
35.3686668308203	-0.00783490864307079
35.4020334976418	-0.00818730907148889
35.4354001644633	-0.00706494511283892
35.4687668312848	-0.00837509470654565
35.5021334981064	-0.00770880025975102
35.5355001649279	-0.00533867923616147
35.5688668317494	-0.00375022722248552
35.602233498571	0.000128524093579338
35.6356001653925	-0.00157678338128546
35.668966832214	-0.000271835998440724
35.7023334990355	-0.0014482229515422
35.7357001658571	0.000298079501393931
35.7690668326786	0.00132583791356629
35.8024334995001	0.000472663028442015
35.8358001663217	-0.000237379675659017
35.8691668331432	-0.000167458552352358
35.9025334999647	-0.00180377948312277
35.9359001667862	-0.00328821868600954
35.9692668336078	-0.00215419772608332
36.0026335004293	-0.002416492574766
36.0360001672508	-0.0033230534529331
36.0693668340724	-0.00441407834746583
36.1027335008939	-0.00664075818858006
36.1361001677154	-0.00805082788565642
36.1694668345369	-0.0093820114637787
36.2028335013585	-0.00886972788026075
36.23620016818	-0.00768849988582202
36.2695668350015	-0.00716412121018339
36.3029335018231	-0.00812184251965159
36.3363001686446	-0.00787558976384118
36.3696668354661	-0.00723629155428245
36.4030335022876	-0.00558932058742881
36.4364001691092	-0.00550959304349234
36.4697668359307	-0.00599040928554563
36.5031335027522	-0.00556080119572785
36.5365001695738	-0.00439770234036375
36.5698668363953	-0.00262964651475336
36.6032335032168	-0.00192319345552544
36.6366001700383	-0.00352065230025822
36.6699668368599	-0.00167712830020255
36.7033335036814	-0.00176325110459562
36.7367001705029	-0.00407376444929702
36.7700668373245	-0.0042177510103945
36.803433504146	-0.00318858351149688
36.8368001709675	-0.00160115085232343
36.870166837789	-0.00645190475379978
36.9035335046106	-0.00504394603048056
36.9369001714321	-0.00527275533894638
36.9702668382536	-0.00696829797865678
37.0036335050752	-0.00584116582858359
37.0370001718967	-0.00649725665395955
37.0703668387182	-0.00808251168748184
37.1037335055397	-0.00701228742585351
37.1371001723613	-0.00579991022867778
37.1704668391828	-0.00703757821459123
37.2038335060043	-0.00334183144140395
37.2372001728259	-0.00562076176169423
37.2705668396474	-0.00402241102164518
37.3039335064689	-0.0032644263388382
37.3373001732904	-0.00505225126854897
37.370666840112	-0.00555696058431141
37.4040335069335	-0.00563383577344579
37.437400173755	-0.00796338691572891
37.4707668405766	-0.00717509687815534
37.5041335073981	-0.0414205426490161
37.5375001742196	-0.00624747935418658
37.5708668410411	-0.00723291460762863
37.6042335078627	-0.00551447629512405
37.6376001746842	-0.00647108341805039
37.6709668415057	-0.00600447779678961
37.7043335083273	-0.00685558156693357
37.7377001751488	-0.00744757463526677
37.7710668419703	-0.00812541240952536
37.8044335087918	-0.00534927213587978
37.8378001756134	0.0124598376842876
37.8711668424349	0.0465456618706931
37.9045335092564	0.12725035494277
37.937900176078	0.311145028449174
37.9712668428995	0.63919178607301
38.004633509721	1.13472491011112
38.0380001765425	1.76666013331776
38.0713668433641	2.58794487955114
38.1047335101856	3.33977070460333
38.1381001770071	NaN
38.1714668438287	NaN
38.2048335106502	6.0599178124972
38.2382001774717	6.93266517292329
38.2715668442932	7.28718412938733
38.3049335111148	7.44089325913619
38.3383001779363	7.3400767643755
38.3716668447578	7.16186175517206
38.4050335115794	6.83417680842708
38.4384001784009	6.36900899683162
38.4717668452224	5.87874733951042
38.5051335120439	5.30085248269202
38.5385001788655	4.68351760442565
38.571866845687	3.82247561478816
38.6052335125085	3.17549371978572
38.6386001793301	2.64775116181285
38.6719668461516	2.2616808246902
38.7053335129731	2.09333296152793
38.7387001797946	2.13999309560302
38.7720668466162	2.31742431656596
38.8054335134377	2.57002475776946
38.8388001802592	2.83621590312372
38.8721668470808	3.09995274805699
38.9055335139023	3.36656704493176
38.9389001807238	3.66296727791877
38.9722668475453	3.98543036401706
39.0056335143669	4.32631924927732
39.0390001811884	4.62383026449148
39.0723668480099	4.85095969730243
39.1057335148314	4.97753062575891
39.139100181653	5.00061508048586
39.1724668484745	4.92917073313684
39.205833515296	4.81523483776578
39.2392001821176	4.68469305818753
39.2725668489391	4.51860254000003
39.3059335157606	4.41464688224849
39.3393001825822	4.24602044466162
39.3726668494037	4.04384111902223
39.4060335162252	3.80201408982826
39.4394001830467	3.54269639241837
39.4727668498683	3.30973301272979
39.5061335166898	3.14722795130071
39.5395001835113	3.06368426715844
39.5728668503329	3.06202744210169
39.6062335171544	3.12512471030176
39.6396001839759	3.2242971520198
39.6729668507974	3.33945575507133
39.706333517619	3.44032433549758
39.7397001844405	3.6059506452364
39.773066851262	3.76615930746657
39.8064335180836	3.95146133688921
39.8398001849051	4.12195105495975
39.8731668517266	4.32471817503232
39.9065335185481	4.42706395710306
39.9399001853697	4.47549775110262
39.9732668521912	4.51352763080788
40.0066335190127	4.44667544830315
40.0400001858343	4.34172684593051
40.0733668526558	4.22457846541808
40.1067335194773	4.11871012618035
40.1401001862988	4.02668612428294
40.1734668531204	3.93045406634635
40.2068335199419	3.821291425424
40.2402001867634	3.69952198596844
40.273566853585	3.57915321398269
40.3069335204065	3.48537309246788
40.340300187228	3.43151771537443
40.3736668540495	3.42703030538384
40.4070335208711	3.45601204104416
40.4404001876926	3.5135003572482
40.4737668545141	3.57096309938344
40.5071335213357	3.62743025557404
40.5405001881572	3.68702769341333
40.5738668549787	3.75137838427794
40.6072335218002	3.83929946053775
40.6406001886218	3.94469891809926
40.6739668554433	4.05915751654344
40.7073335222648	4.15407920659096
40.7407001890864	4.21525146266456
40.7740668559079	4.2257195056395
40.8074335227294	4.19154449620048
40.8408001895509	4.12367689746219
40.8741668563725	4.03367600457501
40.907533523194	3.94536197026658
40.9409001900155	3.8692900114025
40.974266856837	3.81839834926716
41.0076335236586	3.75842103426929
41.0410001904801	3.69485692909354
41.0743668573016	3.61215033559219
41.1077335241232	3.53457165240456
41.1411001909447	3.47921546174372
41.1744668577662	3.46313009145682
41.2078335245877	3.49386612555926
41.2412001914093	3.57440571296288
41.2745668582308	3.68268567815669
41.3079335250523	3.79188022683301
41.3413001918739	3.88655281963848
41.3746668586954	3.96510305635987
41.4080335255169	4.03309642295644
41.4414001923384	4.09262309039942
41.47476685916	4.1280047346056
41.5081335259815	4.15852892384032
41.541500192803	4.15745846098219
41.5748668596246	4.10576696532516
41.6082335264461	4.01779077052469
41.6416001932676	3.90021305830527
41.6749668600891	3.77238372962422
41.7083335269107	3.6539862880935
41.7417001937322	3.57305665112592
41.7750668605537	3.53729889707082
41.8084335273753	3.54421600798855
41.8418001941968	3.56577917917542
41.8751668610183	3.59028147292114
41.9085335278399	3.64040998065743
41.9419001946614	3.70068884559201
41.9752668614829	3.77618014876791
42.0086335283044	3.86927253860668
42.042000195126	3.96878152362711
42.0753668619475	4.06270495274759
42.108733528769	4.12058511252766
42.1421001955906	4.12738483429431
42.1754668624121	4.08695537386997
42.2088335292336	3.99506861936988
42.2422001960551	3.87915168930444
42.2755668628767	3.77033221286994
42.3089335296982	3.68807558885843
42.3423001965197	3.63219289711004
42.3756668633413	3.618190299662
42.4090335301628	3.61913477061477
42.4424001969843	3.64114989809675
42.4757668638058	3.68369839697277
42.5091335306274	3.73459621223214
42.5425001974489	3.79575293923889
42.5758668642704	3.86574051985007
42.609233531092	3.93769019038439
42.6426001979135	3.99082764564723
42.675966864735	4.02454205516306
42.7093335315565	4.01648103501392
42.7427001983781	3.98338380876396
42.7760668651996	3.92862446044982
42.8094335320211	3.85736834090589
42.8428001988426	3.80856195792657
42.8761668656642	3.77912023964842
42.9095335324857	3.77747904925855
42.9429001993072	3.80345011387757
42.9762668661288	3.83368781415993
43.0096335329503	3.86521462096653
43.0430001997718	3.89152660578533
43.0763668665933	3.91340437644151
43.1097335334149	3.92756281637152
43.1431002002364	3.94680187659299
43.1764668670579	3.95266613759473
43.2098335338795	3.95136618278988
43.243200200701	3.9279018196536
43.2765668675225	3.87445660634747
43.309933534344	3.81245173701107
43.3433002011656	3.74653124028097
43.3766668679871	3.69627939461053
43.4100335348086	3.68092028156725
43.4434002016302	3.69188990221185
43.4767668684517	3.72193219586572
43.5101335352732	3.77960882796946
43.5435002020947	3.82971330028333
43.5768668689163	3.86199515341245
43.6102335357378	3.8872287384765
43.6436002025593	3.90297516083404
43.6769668693809	3.91042155629405
43.7103335362024	3.91890614942914
43.7437002030239	3.92280290249674
43.7770668698454	3.91863173308118
43.810433536667	3.91532744912738
43.8438002034885	3.8956832528638
43.87716687031	3.88305184671226
43.9105335371316	3.87110263832819
43.9439002039531	3.85232358768963
43.9772668707746	3.83879221272805
44.0106335375961	3.82011760986947
44.0440002044177	3.78367381499558
44.0773668712392	3.73953388654794
44.1107335380607	3.70536378665517
44.1441002048823	3.67143853703746
44.1774668717038	3.6498553856917
44.2108335385253	3.62533357648321
44.2442002053468	3.62661796053572
44.2775668721684	3.65361476996523
44.3109335389899	3.7016753825291
44.3443002058114	3.7422548569411
44.377666872633	3.78176249404474
44.4110335394545	3.80284512460759
44.444400206276	3.80305002950711
44.4777668730976	3.81303308729458
44.5111335399191	3.83033899388234
44.5445002067406	3.84812346483368
44.5778668735621	3.88659923100677
44.6112335403837	3.92647404057056
44.6446002072052	3.95084606559921
44.6779668740267	3.9769854543197
44.7113335408482	3.9898635042738
44.7447002076698	3.99276223564472
44.7780668744913	4.0043512706066
44.8114335413128	4.01685787761224
44.8448002081344	4.020272299073
44.8781668749559	4.01653844714189
44.9115335417774	3.99143882219697
44.9449002085989	3.3760468294239
44.9782668754205	3.54182645792911
45.011633542242	3.30096178605546
45.0450002090635	3.55324612563039
45.0783668758851	3.59832669522864
45.1117335427066	3.52450128284446
45.1451002095281	3.47187437515358
45.1784668763496	3.46415666753639
45.2118335431712	3.49104360379873
45.2452002099927	3.55412418490738
45.2785668768142	3.64142656162389
45.3119335436358	3.74358092454399
45.3453002104573	3.84511187133462
45.3786668772788	3.94817137414554
45.4120335441003	4.02363733115387
45.4454002109219	4.075062779229
45.4787668777434	4.09101034230466
45.5121335445649	4.08708948510008
45.5455002113865	4.05384167675079
45.578866878208	4.01349691053171
45.6122335450295	3.98215013923799
45.645600211851	3.95464898024798
45.6789668786726	3.9035516819898
45.7123335454941	3.93940541470101
45.7457002123156	3.92553259207825
45.7790668791372	3.91006057097277
45.8124335459587	3.86841677311822
45.8458002127802	3.82151400637715
45.8791668796017	3.76220152136122
45.9125335464233	3.70326936558103
45.9459002132448	3.64432931021281
45.9792668800663	3.59389914564181
46.0126335468879	3.56733795108475
46.0460002137094	3.55539368975114
46.0793668805309	3.5562413993917
46.1127335473524	3.57352439993938
46.146100214174	3.61245790459615
46.1794668809955	3.66456239820852
46.212833547817	3.7317435458607
46.2462002146386	3.80867084544429
46.2795668814601	3.88737342341276
46.3129335482816	3.95445683976051
46.3463002151031	3.99029695403005
46.3796668819247	4.02262022324361
46.4130335487462	4.02338462801892
46.4464002155677	4.02376283476418
46.4797668823893	4.02555834111612
46.5131335492108	4.0286877368952
46.5465002160323	4.03513290597926
46.5798668828538	4.03645835965261
46.6132335496754	3.97430569566284
46.6466002164969	3.98805434826964
46.6799668833184	3.94650475143025
46.71333355014	3.88390455836298
46.7467002169615	3.82415065390639
46.780066883783	3.77102274907801
46.8134335506045	3.66443150959766
46.8468002174261	3.68694166488865
46.8801668842476	3.66532359677195
46.9135335510691	3.64270723711753
46.9469002178907	3.63079934413126
46.9802668847122	3.62805911037594
47.0136335515337	3.62578028370993
47.0470002183552	3.64244250052064
47.0803668851768	3.66898614529926
47.1137335519983	3.69979025705215
47.1471002188198	3.73874801400222
47.1804668856414	3.78415792127006
47.2138335524629	3.83835600566852
47.2472002192844	3.89546149765045
47.2805668861059	3.94775444818031
47.3139335529275	3.98305832972907
47.347300219749	4.01637288715721
47.3806668865705	4.03506316950408
47.4140335533921	4.04276437642432
47.4474002202136	4.03321776673294
47.4807668870351	3.99738823819223
47.5141335538566	3.95048253502042
47.5475002206782	3.90430443139803
47.5808668874997	3.85520772772916
47.6142335543212	3.82160817348209
47.6476002211428	3.7909719261876
47.6809668879643	3.74595325039979
47.7143335547858	3.68836662107677
47.7477002216073	3.61712772131708
47.7810668884289	3.50042723396557
47.8144335552504	3.24631283771668
47.8478002220719	2.81135411733772
47.8811668888935	2.23522335123569
47.914533555715	1.51882091575671
47.9479002225365	0.780458524414836
47.981266889358	-0.0883571605667802
48.0146335561796	-1.0157191830499
48.0480002230011	-1.93270880872793
48.0813668898226	-2.80768017193729
48.1147335566442	-3.60170912693652
48.1481002234657	-4.18296315823087
48.1814668902872	-4.56718577622553
48.2148335571087	-4.70525426184445
48.2482002239303	-4.57127666490891
48.2815668907518	-4.15800706941591
48.3149335575733	-3.4736591655345
48.3483002243949	-2.60898427687703
48.3816668912164	-1.48199737711372
48.4150335580379	-0.360663739782503
48.4484002248594	0.562152074548
48.481766891681	1.95244167927233
48.5151335585025	2.89530491047594
48.548500225324	3.67958224522507
48.5818668921456	4.22927195706786
48.6152335589671	4.53137117444511
48.6486002257886	4.57502900637485
48.6819668926101	4.34425313829287
48.7153335594317	3.81070721470259
48.7487002262532	2.97031169874387
48.7820668930747	2.10503179924644
48.8154335598963	0.914293006131406
48.8488002267178	-0.136849451329024
48.8821668935393	-1.5808485096006
48.9155335603608	-2.45238649500268
48.9489002271824	-3.32213412974448
48.9822668940039	-3.96122031935381
49.0156335608254	-4.31632061750413
49.049000227647	-4.40359077136546
49.0823668944685	-4.18755605774635
49.11573356129	-3.71092825440047
49.1491002281115	-2.98620547288192
49.1824668949331	-2.10909125915889
49.2158335617546	-1.14782358890685
49.2492002285761	-0.165793341981182
49.2825668953977	0.771714007007538
49.3159335622192	1.53906296457172
49.3493002290407	2.19866071758365
49.3826668958622	2.66999924572362
49.4160335626838	2.96170658949564
49.4494002295053	3.07828144087785
49.4827668963268	3.0200251365813
49.5161335631484	2.79146230748368
49.5495002299699	2.41005584499581
49.5828668967914	1.89575468876058
49.6162335636129	1.28207529502764
49.6496002304345	0.58091508670499
49.682966897256	-0.121646132784465
49.7163335640775	-0.817179812026142
49.7497002308991	-1.4570921540995
49.7830668977206	-1.98991421049417
49.8164335645421	-2.40005970721757
49.8498002313636	-2.6710244590168
49.8831668981852	-2.78747134442211
49.9165335650067	-2.71902757787342
49.9499002318282	-2.48072210997365
49.9832668986498	-2.10085181289188
50.0166335654713	-1.59545750233228
50.0500002322928	-0.969573379357385
50.0833668991143	-0.354314004355037
50.1167335659359	0.262058079919254
50.1501002327574	0.84373684992069
50.1834668995789	1.3420713190625
50.2168335664005	1.74166451621957
50.250200233222	2.02726428507595
50.2835669000435	2.19782574644678
50.316933566865	2.22717397057916
50.3503002336866	2.12164783991973
50.3836669005081	1.88268764826233
50.4170335673296	1.5178776301028
50.4504002341512	1.06426652627388
50.4837669009727	0.535775269835722
50.5171335677942	-0.0122646158266843
50.5505002346157	-0.560932413977466
50.5838669014373	-1.06603952375695
50.6172335682588	-1.48797000564056
50.6506002350803	-1.81776095775801
50.6839669019019	-2.02609397795463
50.7173335687234	-2.11416611201039
50.7507002355449	-2.06744874079116
50.7840669023664	-1.89340143374075
50.817433569188	-1.58708910769919
50.8508002360095	-1.20126332627293
50.884166902831	-0.73268881132538
50.9175335696526	-0.257629507331306
50.9509002364741	0.210801553672657
50.9842669032956	0.648000149336081
51.0176335701171	1.01586389126734
51.0510002369387	1.3160140300092
51.0843669037602	1.51548028671129
51.1177335705817	1.62693411452455
51.1511002374033	1.63833020645249
51.1844669042248	1.55159721234895
51.2178335710463	1.36126469329009
51.2512002378678	1.09370931920895
51.2845669046894	0.748505678229374
51.3179335715109	0.363682838095886
51.3513002383324	-0.0325043885819873
51.384666905154	-0.417046685446183
51.4180335719755	-0.771250666912401
51.451400238797	-1.07502782271057
51.4847669056185	-1.30635909319812
51.5181335724401	-1.46678507048205
51.5515002392616	-1.5310351938463
51.5848669060831	-1.50505204001854
51.6182335729047	-1.38355145470831
51.6516002397262	-1.16981051181847
51.6849669065477	-0.887013052755059
51.7183335733692	-0.561532617201357
51.7517002401908	-0.218127345460145
51.7850669070123	0.138566552793024
51.8184335738338	0.450566724954915
51.8518002406554	0.736560417583637
51.8851669074769	0.958743436466839
51.9185335742984	1.11972014826261
51.9519002411199	1.21550087602505
51.9852669079415	1.23288766206946
52.018633574763	1.16926908671464
52.0520002415845	1.02995765322539
52.0853669084061	0.827456439061713
52.1187335752276	0.561224414089365
52.1521002420491	0.273968970735996
52.1854669088706	-0.0301864514094551
52.2188335756922	-0.319557255510741
52.2522002425137	-0.58721729158057
52.2855669093352	-0.82061283362959
52.3189335761568	-1.002248560919
52.3523002429783	-1.11693765723044
52.3856669097998	-1.16671100352563
52.4190335766213	-1.14353893546993
52.4524002434429	-1.04446297413313
52.4857669102644	-0.885074481071987
52.5191335770859	-0.673423911189281
52.5525002439075	-0.429847730201613
52.585866910729	-0.171382073284906
52.6192335775505	0.0904319928995313
52.652600244372	0.325060108205409
52.6859669111936	0.533026635268994
52.7193335780151	0.69608056239673
52.7527002448366	0.81352637361795
52.7860669116582	0.877193820491347
52.8194335784797	0.888119797961131
52.8528002453012	0.853412836749102
52.8861669121227	0.740818943035491
52.9195335789443	0.590076186804698
52.9529002457658	0.398862658429227
52.9862669125873	0.187084404846016
53.0196335794089	-0.0361880709943009
53.0530002462304	-0.251377123860826
53.0863669130519	-0.447384529219827
53.1197335798734	-0.612379621440933
53.153100246695	-0.747341612948575
53.1864669135165	-0.830102713125155
53.219833580338	-0.87045241751341
53.2532002471596	-0.856846622330712
53.2865669139811	-0.788564323517463
53.3199335808026	-0.671199888565453
53.3533002476241	-0.514471012926406
53.3866669144457	-0.330807490133034
53.4200335812672	-0.141769066663083
53.4534002480887	0.0522105417778084
53.4867669149103	0.225844026725538
53.5201335817318	0.384102822114638
53.5535002485533	0.481926612403336
53.5868669153748	0.602928546368486
53.6202335821964	0.655059714386009
53.6536002490179	0.668580458797387
53.6869669158394	0.599847178972982
53.720333582661	0.529809541096897
53.7537002494825	0.248347735017851
53.787066916304	-0.0597420624692738
53.8204335831255	0.138669842706104
53.8538002499471	-0.0305293604592371
53.8871669167686	-0.190749689833424
53.9205335835901	-0.340830108850717
53.9539002504117	-0.461792609341821
53.9872669172332	-0.556808678849521
54.0206335840547	-0.629230684982528
54.0540002508762	-0.650185718922921
54.0873669176978	-0.642440435668965
54.1207335845193	-0.596986929195093
54.1541002513408	-0.508089096248846
54.1874669181624	-0.392590480438085
54.2208335849839	-0.25837963459907
54.2542002518054	-0.117715746487337
54.2875669186269	0.0235517821226719
54.3209335854485	0.159614879452906
54.35430025227	0.275293595792157
54.3876669190915	0.368906794797499
54.4210335859131	0.43640475651383
54.4544002527346	0.468516742161385
54.4877669195561	0.473952438216005
54.5211335863776	0.456491253139557
54.5545002531992	0.404463445856473
54.5878669200207	0.311889559851451
54.6212335868422	0.210601427453075
54.6546002536638	0.0908662434937841
54.6879669204853	-0.0388517771802936
54.7213335873068	-0.156640097661137
54.7547002541283	-0.263426761014447
54.7880669209499	-0.361923287032364
54.8214335877714	-0.428435970393794
54.8548002545929	-0.487403404147961
54.8881669214145	-0.50427808416004
54.921533588236	-0.496951205179394
54.9549002550575	-0.463476538217043
54.988266921879	-0.395485045692677
55.0216335887006	-0.308598812581596
55.0550002555221	-0.205605883690645
55.0883669223436	-0.0980589291527046
55.1217335891652	0.00986906865803995
55.1551002559867	0.104580145369486
55.1884669228082	0.192289428080907
55.2218335896297	0.2629630692404
55.2552002564513	0.317573251282875
55.2885669232728	0.339906079916282
55.3219335900943	0.355250044941873
55.3553002569159	0.333932757980598
55.3886669237374	0.297260751298149
55.4220335905589	0.22646137880322
55.4554002573804	0.151686768023524
55.488766924202	0.0617282815561555
55.5221335910235	-0.0333057133239634
55.555500257845	-0.123564413441743
55.5888669246666	-0.200957996441004
55.6222335914881	-0.268198639880344
55.6556002583096	-0.323914984886517
55.6889669251311	-0.359735602717858
55.7223335919527	-0.401035117855131
55.7557002587742	-0.369786447931788
55.7890669255957	-0.349025425797595
55.8224335924173	-0.296485908550227
55.8558002592388	-0.233326811452586
55.8891669260603	-0.159616637129449
55.9225335928818	-0.0785366134483476
55.9559002597034	0.00399735129242645
55.9892669265249	0.0756466207027795
56.0226335933464	0.142817299952288
56.0560002601679	0.188888370541352
56.0893669269895	0.22589770103718
56.122733593811	0.253950132714243
56.1561002606325	0.260864045880561
56.1894669274541	0.246737616227518
56.2228335942756	0.215569194494403
56.2562002610971	0.169979380894082
56.2895669279186	0.106074318879846
56.3229335947402	0.0398865134275684
56.3563002615617	-0.0329827532386241
56.3896669283832	-0.100665308788916
56.4230335952048	-0.160805775978611
56.4564002620263	-0.214581983857199
56.4897669288478	-0.247835757998283
56.5231335956693	-0.278181492462602
56.5565002624909	-0.292865352853576
56.5898669293124	-0.287184380467209
56.6232335961339	-0.27886002885999
56.6566002629555	-0.241450675815729
56.689966929777	-0.193225925879114
56.7233335965985	-0.135333547101825
56.7567002634201	-0.0751780053055148
56.7900669302416	-0.0137128857623274
56.8234335970631	0.0405352061404184
56.8568002638846	0.0860891749266551
56.8901669307062	0.124987193678637
56.9235335975277	0.156896674766274
56.9569002643492	0.172116620646221
56.9902669311708	0.17643609787295
57.0236335979923	0.169022821082548
57.0570002648138	0.147762569746942
57.0903669316353	0.111321890356925
57.1237335984569	0.0656931817574663
57.1571002652784	0.0180657924270854
57.1904669320999	-0.0371326467654461
57.2238335989215	-0.0897477372413938
57.257200265743	-0.130788531218334
57.2905669325645	-0.171361333155087
57.323933599386	-0.198821701163754
57.3573002662076	-0.214186608732916
57.3906669330291	-0.225545386496658
57.4240335998506	-0.223773864909655
57.4574002666722	-0.209002959832265
57.4907669334937	-0.186795063548463
57.5241336003152	-0.146453071776875
57.5575002671367	-0.107858062539066
57.5908669339583	-0.0638654266425316
57.6242336007798	-0.0190716656451385
57.6576002676013	0.0251297214111146
57.6909669344229	0.0590599947588967
57.7243336012444	0.0911872102298935
57.7577002680659	0.11460320916778
57.7910669348874	0.124970102622573
57.824433601709	0.129551403201304
57.8578002685305	0.121272649753934
57.891166935352	0.104313524653164
57.9245336021735	0.0802192976742771
57.9579002689951	0.0504981934955361
57.9912669358166	0.011021903198291
58.0246336026381	-0.0298292466622816
58.0580002694597	-0.0719010590059597
58.0913669362812	-0.102282619439967
58.1247336031027	-0.141071303738741
58.1581002699242	-0.149531638459328
58.1914669367458	-0.166010831069504
58.2248336035673	-0.176030530963582
58.2582002703888	-0.17450714540035
58.2915669372104	-0.165189892242067
58.3249336040319	-0.146125917100857
58.3583002708534	-0.12160604244117
58.3916669376749	-0.0918355769436703
58.4250336044965	-0.0582436972421283
58.458400271318	-0.0243750142386183
58.4917669381395	0.0109520205669838
58.5251336049611	0.0350648426816771
58.5585002717826	0.0540737251883166
58.5918669386041	0.0672438683347184
58.6252336054256	0.0793917869755111
58.6586002722472	0.0825464401082097
58.6919669390687	0.0793810778742063
58.7253336058902	0.0669404908488787
58.7587002727118	0.0447178402558315
58.7920669395333	0.0240951153236453
58.8254336063548	-0.00700875127820139
58.8588002731763	-0.040628262236211
58.8921669399979	-0.0746904523124246
58.9255336068194	-0.094492562577168
58.9589002736409	-0.114857171098286
58.9922669404625	-0.131071777195356
59.025633607284	-0.142775974494894
59.0590002741055	-0.14671433828652
59.0923669409271	-0.144978976740058
59.1257336077486	-0.137768183474146
59.1591002745701	-0.125576035762391
59.1924669413916	-0.103652735738756
59.2258336082132	-0.0841394718730737
59.2592002750347	-0.0580801984932738
59.2925669418562	-0.0291107871090705
59.3259336086778	-0.00709017307192225
59.3593002754993	0.0130752006309398
59.3926669423208	0.0307452918664123
59.4260336091423	0.0404964031870311
59.4594002759639	0.0509478427164544
59.4927669427854	0.0542362802449832
59.5261336096069	0.0499494471139318
59.5595002764285	0.0413467264950268
59.59286694325	0.0265254327255873
59.6262336100715	0.00610638570125034
59.659600276893	-0.0150010595155793
59.6929669437146	-0.038179641308558
59.7263336105361	-0.0600554278901906
59.7597002773576	-0.0732188162619092
59.7930669441791	-0.0874727134812999
59.8264336110007	-0.100699720681136
59.8598002778222	-0.109636061527505
59.8931669446437	-0.112328491958981
59.9265336114653	-0.113793507598192
59.9599002782868	-0.106802011137678
59.9932669451083	-0.098293589827056
60.0266336119298	-0.0835186404658115
60.0600002787514	-0.0722516607819817
60.0933669455729	-0.0521552869510631
60.1267336123944	-0.0263818640967514
60.160100279216	-0.0106176703333707
60.1934669460375	0.00581124948713397
60.226833612859	0.0174192558252842
60.2602002796805	0.0240584221827706
60.2935669465021	0.0296191900801829
60.3269336133236	0.0319841385766313
60.3603002801451	0.0307301000722558
60.3936669469667	0.0248917506847638
60.4270336137882	0.0134779513076041
60.4604002806097	-0.000768172099584455
60.4937669474312	-0.0161982881678737
60.5271336142528	-0.0383826447000173
60.5605002810743	-0.0526355020026507
60.5938669478958	-0.0689680353066101
60.6272336147174	-0.0824342547532994
60.6606002815389	-0.0915467427830166
60.6939669483604	-0.0972905357969188
60.7273336151819	-0.0996081984529458
60.7607002820035	-0.0985143449278152
60.794066948825	-0.0964154378977399
60.8274336156465	-0.0904431128277326
60.8608002824681	-0.0816735939862399
60.8941669492896	-0.0662128028632922
60.9275336161111	-0.0508185145975313
60.9609002829326	-0.0348038717437399
60.9942669497542	-0.0222591423508944
61.0276336165757	-0.0104034452952311
61.0610002833972	-0.00138583057924655
61.0943669502188	0.00758379269385956
61.1277336170403	0.0147855757456645
61.1611002838618	0.0151007943690605
61.1944669506833	0.010656490286392
61.2278336175049	0.00701428580934087
61.2612002843264	-0.002330191223377
61.2945669511479	-0.00893569177573289
61.3279336179695	-0.0261181105574939
61.361300284791	-0.0422522008936548
61.3946669516125	-0.0504410385259689
61.428033618434	-0.0624494445613373
61.4614002852556	-0.0706247037923179
61.4947669520771	-0.0764451949549382
61.5281336188986	-0.0821933001129071
61.5615002857202	-0.0821617715508527
61.5948669525417	-0.0820844665535701
61.6282336193632	-0.0816971034210173
61.6616002861848	-0.0737332662535206
61.6949669530063	-0.0651634351294397
61.7283336198278	-0.0561721971079298
61.7617002866493	-0.0458749380168046
61.7950669534709	-0.0326071520715664
61.8284336202924	-0.0250598696268377
61.8618002871139	-0.0179287683427209
61.8951669539354	-0.00896667943463467
61.928533620757	-0.00379151612087712
61.9619002875785	0.00423895271907084
61.9952669544	-0.00044874514026025
62.0286336212216	-0.00197422791857136
62.0620002880431	-0.00193549671328459
62.0953669548646	-0.00970866137987244
62.1287336216861	-0.0142908055902055
62.1621002885077	-0.0245813771524721
62.1954669553292	-0.0312451972253377
62.2288336221507	-0.0419328481213053
62.2622002889723	-0.0493760075711511
62.2955669557938	-0.0582742224348628
62.3289336226153	-0.06439249408558
62.3623002894368	-0.0684742985081056
62.3956669562584	-0.0703271971125814
62.4290336230799	-0.0703459456185143
62.4624002899014	-0.067087275839226
62.495766956723	-0.0622755084296072
62.5291336235445	-0.0627181727028403
62.562500290366	-0.05258014579254
62.5958669571875	-0.0455708772484895
62.6292336240091	-0.037346133226008
62.6626002908306	-0.0272542474078523
62.6959669576521	-0.0184030356721603
62.7293336244737	-0.0150087043327027
62.7627002912952	-0.0107969015423782
62.7960669581167	-0.0089783543976718
62.8294336249382	-0.00935442628893336
62.8628002917598	-0.0130048092509675
62.8961669585813	-0.0149219808695054
62.9295336254028	-0.0192649369804227
62.9629002922244	-0.023169637899496
62.9962669590459	-0.0344584323281862
63.0296336258674	-0.0426172945362251
63.0630002926889	-0.0490876842503912
63.0963669595105	-0.0540223764246844
63.129733626332	-0.056864418332559
63.1631002931535	-0.062513370920151
63.1964669599751	-0.0664446041290489
63.2298336267966	-0.0709362046723717
63.2632002936181	-0.0706871882556412
63.2965669604396	-0.0683113213414873
63.3299336272612	-0.0646179645373328
63.3633002940827	-0.0601416109502215
63.3966669609042	-0.0518147585822116
63.4300336277258	-0.0452827608294307
63.4634002945473	-0.0384324537789831
63.4967669613688	-0.0324114135207779
63.5301336281903	-0.0298506990904991
63.5635002950119	-0.0216145534895548
63.5968669618334	-0.0178600542699229
63.6302336286549	-0.0166255178150735
63.6636002954765	-0.0163654587444596
63.696966962298	-0.0173973161768277
63.7303336291195	-0.0188190933542315
63.763700295941	-0.023322807431536
63.7970669627626	-0.0271732698805474
63.8304336295841	-0.0352657102474786
63.8638002964056	-0.0364168950337153
63.8971669632272	-0.0423312144434139
63.9305336300487	-0.0427532518836499
63.9639002968702	-0.0499910831342901
63.9972669636917	-0.052788261810313
64.0306336305133	-0.0533401050935574
64.0640002973348	-0.0555519390621728
64.0973669641563	-0.0549256545033425
64.1307336309779	-0.055045231762048
64.1641002977994	-0.0524902006949358
64.1974669646209	-0.0488288964808488
64.2308336314425	-0.0457719653615961
64.264200298264	-0.0427966987050723
64.2975669650855	-0.0356445742500965
64.330933631907	-0.0343099363273183
64.3643002987286	-0.0294009926253285
64.3976669655501	-0.0274064098876561
64.4310336323716	-0.0253257749611493
64.4644002991931	-0.0201056294797077
64.4977669660147	-0.0213642173949832
64.5311336328362	-0.0211358922730628
64.5645002996577	-0.0227513738298649
64.5978669664793	-0.0254185289561031
64.6312336333008	-0.0294906609039858
64.6646003001223	-0.0363932113006675
64.6979669669438	-0.0404275323028857
64.7313336337654	-0.0432056405137644
64.7647003005869	-0.0457505429095596
64.7980669674084	-0.0491866609138654
64.83143363423	-0.0520962946024884
64.8648003010515	-0.0525009229083313
64.898166967873	-0.0535839796830795
64.9315336346945	-0.0554307949065129
64.9649003015161	-0.0541072135122368
64.9982669683376	-0.0526968485394968
65.0316336351591	-0.047562453719517
65.0650003019807	-0.0445318000547421
65.0983669688022	-0.0419439035506682
65.1317336356237	-0.0392930632519816
65.1651003024452	-0.0343593705430907
65.1984669692668	-0.0358533649902454
65.2318336360883	-0.0307965616754072
65.2652003029098	-0.029482545308982
65.2985669697314	-0.0275828594335306
65.3319336365529	-0.0275184815070143
65.3653003033744	-0.0272205761425629
65.3986669701959	-0.0299502575241114
65.4320336370175	-0.0316286005081277
65.465400303839	-0.0358572822424773
65.4987669706605	-0.0392007146813534
65.5321336374821	-0.0402645408184533
65.5655003043036	-0.0421944151806043
65.5988669711251	-0.0421389067367087
65.6322336379466	-0.0424873058618855
65.6656003047682	-0.0457945212766474
65.6989669715897	-0.0467005543716205
65.7323336384112	-0.046972246548053
65.7657003052328	-0.0472492660133614
65.7990669720543	-0.0474474993725591
65.8324336388758	-0.0473241591972856
65.8658003056973	-0.046264681744252
65.8991669725189	-0.044976464608543
65.9325336393404	-0.0398993699156837
65.9659003061619	-0.0403870358707906
65.9992669729835	-0.0384360232561171
66.032633639805	-0.0387556634217604
66.0660003066265	-0.0331576485474236
66.099366973448	-0.03218342699153
66.1327336402696	-0.0313500868082458
66.1661003070911	-0.0278761832994337
66.1994669739126	-0.0303043823725815
66.2328336407342	-0.0310779757164308
66.2662003075557	-0.031685296116468
66.2995669743772	-0.0320645528273951
66.3329336411987	-0.037861114329909
66.3663003080203	-0.0406046088373944
66.3996669748418	-0.0407948846992076
66.4330336416633	-0.0433015718049793
66.4664003084849	-0.0447847285191821
66.4997669753064	-0.0461361470383602
66.5331336421279	-0.0473619743463051
66.5665003089494	-0.0478819684383223
66.599866975771	-0.0475374781749591
66.6332336425925	-0.0459687223417469
66.666600309414	-0.0470935163277885
66.6999669762356	-0.0425589135856645
66.7333336430571	-0.04308935147752
66.7667003098786	-0.0407674929438391
66.8000669767001	-0.0384125609889601
66.8334336435217	-0.0357649691007229
66.8668003103432	-0.0353923161024745
66.9001669771647	-0.0344818558043453
66.9335336439863	-0.0357331227210029
66.9669003108078	-0.0316365195303602
67.0002669776293	-0.03170611093765
67.0336336444508	-0.0309400305080177
67.0670003112724	-0.0343895673080134
67.1003669780939	-0.0371802399412437
67.1337336449154	-0.0386970839881078
67.167100311737	-0.0410738892889234
67.2004669785585	-0.0414675074012912
67.23383364538	-0.0436624057192169
67.2672003122015	-0.0468066905320437
67.3005669790231	-0.0483903975707237
67.3339336458446	-0.0479784776427906
67.3673003126661	-0.0499534424896323
67.4006669794877	-0.082027871147456
67.4340336463092	-0.123854049611643
67.4674003131307	-0.0486140102018677
67.5007669799522	-0.0473120264244715
67.5341336467738	-0.0433982113078208
67.5675003135953	-0.0411153822785243
67.6008669804168	-0.0366182668735996
67.6342336472384	-0.0359645745497393
67.6676003140599	-0.0346600278182025
67.7009669808814	-0.034806527725801
67.7343336477029	-0.0351377131179495
67.7677003145245	-0.0324891342288605
67.801066981346	-0.0340021837399486
67.8344336481675	-0.0328943993899792
67.8678003149891	-0.0372458256587748
67.9011669818106	-0.0370237906759777
67.9345336486321	-0.0388924087548662
67.9679003154536	-0.0389252173818524
68.0012669822752	-0.0400645775669492
68.0346336490967	-0.0392386222713116
68.0680003159182	-0.0421515702600589
68.1013669827398	-0.0423188796737154
68.1347336495613	-0.0441093687087519
68.1681003163828	-0.0420417801503027
68.2014669832043	-0.041328449025272
68.2348336500259	-0.041109233619794
68.2682003168474	-0.0409973280302399
68.3015669836689	-0.0405906967199581
68.3349336504905	-0.0392203007585199
68.368300317312	-0.0394227130787596
68.4016669841335	-0.0379377377857719
68.435033650955	-0.0397855276051739
68.4684003177766	-0.040836885390629
68.5017669845981	-0.0399508200057499
68.5351336514196	-0.0382435657811771
68.5685003182411	-0.0395690866656798
68.6018669850627	-0.0395447593279366
68.6352336518842	-0.0399073009861841
68.6686003187057	-0.0382502142157633
68.7019669855273	-0.038898853306603
68.7353336523488	-0.0393773612620658
68.7687003191703	-0.0402075381698336
68.8020669859919	-0.0399334139573947
68.8354336528134	-0.0402908763885291
68.8688003196349	-0.0408791247221652
68.9021669864564	-0.0438798013151527
68.935533653278	-0.0469656243074723
68.9689003200995	-0.047041815298525
69.002266986921	-0.0474013053183676
69.0356336537426	-0.0460227340610302
69.0690003205641	-0.0440885999123703
69.1023669873856	-0.0445716840144412
69.1357336542071	-0.0425800194569899
69.1691003210287	-0.0433174713633555
69.2024669878502	-0.0413400619771195
69.2358336546717	-0.0393773612620658
69.2692003214933	-0.0377813874078614
69.3025669883148	-0.0374633293110546
69.3359336551363	-0.0377394444676173
69.3693003219578	-0.0386668494415797
69.4026669887794	-0.0362168083219253
69.4360336556009	-0.0367970812678999
69.4694003224224	-0.0369874576783684
69.502766989244	-0.0392718397076094
69.5361336560655	-0.0371614083985141
69.569500322887	-0.0402004293499293
69.6028669897085	-0.0398788989885874
69.6362336565301	-0.0430783847178018
69.6696003233516	-0.0430629217802451
69.7029669901731	-0.0428102545175908
69.7363336569947	-0.0416893438301675
69.7697003238162	-0.0422345253188156
69.8030669906377	-0.0425013570926263
69.8364336574592	-0.0427078847605173
69.8698003242808	-0.0422231280068315
69.9031669911023	-0.0415088964293666
69.9365336579238	-0.0440818731766897
69.9699003247454	-0.0406793260392052
70.0032669915669	-0.0410872741242977
70.0366336583884	-0.0391485523759695
70.0700003252099	-0.0410553783463556
70.1033669920315	-0.0391356407512113
70.136733658853	-0.0410601522210206
70.1701003256745	-0.0412902774586011
70.2034669924961	-0.041250528554308
70.2368336593176	-0.0432239243923547
70.2702003261391	-0.0406946021487578
70.3035669929606	-0.0390993349032492
70.3369336597822	-0.0384773796147133
70.3703003266037	-0.0379450596069861
70.4036669934252	-0.0381075103153492
70.4370336602468	-0.0402210939859024
70.4704003270683	-0.0384703248870523
70.5037669938898	-0.0381339655449503
70.5371336607113	-0.03852933101919
70.5705003275329	-0.0393338605397454
70.6038669943544	-0.0403027595115894
70.6372336611759	-0.0419898581479974
70.6706003279974	-0.0436076382990194
70.703966994819	-0.0443509426001036
70.7373336616405	-0.0448847278258213
70.770700328462	-0.0445630355636059
70.8040669952836	-0.0456679880939178
70.8374336621051	-0.0460007153462398
70.8708003289266	-0.0475873386086678
70.9041669957482	-0.0457505429095596
70.9375336625697	-0.0451691072474602
70.9709003293912	-0.04553866313244
71.0042669962127	-0.0441077729076243
71.0376336630343	-0.0431591168896318
71.0710003298558	-0.0411591060738316
71.1043669966773	-0.0403421614458478
71.1377336634988	-0.0373206163888161
71.1711003303204	-0.0375364896294875
71.2044669971419	-0.0388113603242053
71.2378336639634	-0.0380497191360101
71.271200330785	-0.0385223385569873
71.3045669976065	-0.0389463950815943
71.337933664428	-0.0389651859024346
71.3713003312496	-0.0397044222425682
71.4046669980711	-0.0386082505264149
71.4380336648926	-0.0400357936388688
71.4714003317141	-0.041322532716886
71.5047669985357	-0.0401626637441013
71.5381336653572	-0.0573234962550655
71.5715003321787	-0.0413204734493248
71.6048669990003	-0.0409760126797061
71.6382336658218	-0.0429223205664205
71.6716003326433	-0.0424562452464912
71.7049669994648	-0.0433038730568511
71.7383336662864	-0.0457719653615961
71.7717003331079	-0.0455475933614189
71.8050669999294	-0.0458173171481852
71.838433666751	-0.045380459112755
71.8718003335725	-0.0460200804240365
71.905167000394	-0.0465217511504434
71.9385336672155	-0.045928203452646
71.9719003340371	-0.044996862064621
72.0052670008586	-0.0452499570260345
72.0386336676801	-0.0434445603999543
72.0720003345017	-0.0402322550994318
72.1053670013232	-0.0405615475214587
72.1387336681447	-0.0390098551540149
72.1721003349662	-0.0387286330800449
72.2054670017878	-0.0394588954023182
72.2388336686093	-0.0548741865983411
72.2722003354308	-0.0353317933363732
72.3055670022523	-0.0405665335685764
72.3389336690739	-0.0400637878900959
72.3723003358954	-0.0419170626862949
72.4056670027169	-0.0426695227161487
72.4390336695385	-0.0437891428431127
72.47240033636	-0.0436404311370769
72.5057670031815	-0.0444620840530944
72.5391336700031	-0.0482188146735773
72.5725003368246	-0.043195886504509
72.6058670036461	-0.0443216431594016
72.6392336704676	-0.0434087426048743
72.6726003372892	-0.0457070455448622
72.7059670041107	-0.0444763269702927
72.7393336709322	-0.043505260657518
72.7727003377537	-0.0419330824782328
72.8060670045753	-0.0386100084938743
72.8394336713968	-0.039910245095687
72.8728003382183	-0.0371802399412437
72.9061670050399	-0.039489547334579
72.9395336718614	-0.0401936939321294
72.9729003386829	-0.037874067775243
73.0062670055045	-0.0385610285280544
73.039633672326	-0.0395105822230401
73.0730003391475	-0.0405058211123281
73.106367005969	-0.0401936939321294
73.1397336727906	-0.0417795675293278
73.1731003396121	-0.0412367855820421
73.2064670064336	-0.0413274891986461
73.2398336732551	-0.041600085089542
73.2732003400767	-0.042813917735044
73.3065670068982	-0.0435534297297339
73.3399336737197	-0.0417356554630848
73.3733003405413	-0.0406388821295392
73.4066670073628	-0.0432322649531298
73.4400336741843	-0.0422384056870633
73.4734003410059	-0.0418775943582878
73.5067670078274	-0.0427588016555332
73.5401336746489	-0.0444801264966355
73.5735003414704	-0.0426996980002234
73.606867008292	-0.0417060326069531
73.6402336751135	-0.0410575125491476
73.673600341935	-0.0405615475214587
73.7069670087565	-0.0400283091748611
73.7403336755781	-0.0392251087331532
73.7737003423996	-0.0389660123192121
73.8070670092211	-0.0410627611990344
73.8404336760427	-0.0339095082433479
73.8738003428642	-0.0345247157818771
73.9071670096857	-0.034953851432338
73.9405336765073	-0.0375849336238571
73.9739003433288	-0.0378142351942831
74.0072670101503	-0.0360628790188587
74.0406336769718	-0.0387585283888499
74.0740003437934	-0.0367377912045385
74.1073670106149	-0.0397480630622746
74.1407336774364	-0.0394362434549718
74.174100344258	-0.040464879260527
74.2074670110795	-0.0411113044115951
74.240833677901	-0.0403543149359567
74.2742003447225	-0.0410019367546727
74.3075670115441	-0.0392413058108019
74.3409336783656	-0.0396395287130507
74.3743003451871	-0.0414172175067295
74.4076670120086	-0.0403297493708291
74.4410336788302	-0.0406284797841928
74.4744003456517	-0.0413660002311434
74.5077670124732	-0.0389466364854249
74.5411336792948	-0.0375095208077873
74.5745003461163	-0.0388998041421052
74.6078670129378	-0.0386825513607824
74.6412336797594	-0.0376423904541089
74.6746003465809	-0.0374144217105216
74.7079670134024	-0.0360917343850571
74.7413336802239	-0.0368804195132922
74.7747003470455	-0.0364028453615743
74.808067013867	-0.0358729719995465
74.8414336806885	-0.0383352772423539
74.87480034751	-0.0383628871508571
74.9081670143316	-0.038878491265462
74.9415336811531	-0.0406236687640615
74.9749003479746	-0.0409790233224394
75.0082670147962	-0.0405562550692081
75.0416336816177	-0.0406038871393632
75.0750003484392	-0.0423419100493101
75.1083670152608	-0.0421459068510072
75.1417336820823	-0.040814908284675
75.1751003489038	-0.0410777994655511
75.2084670157253	-0.0406188048755753
75.2418336825469	-0.0400724271265411
75.2752003493684	-0.0388118518578156
75.3085670161899	-0.0375534699986722
75.3419336830114	-0.0381805097722731
75.375300349833	-0.03968186631321
75.4086670166545	-0.0389691949029707
75.442033683476	-0.0409558495102413
75.4754003502976	-0.0394971104405469
75.5087670171191	-0.040165102571592
75.5421336839406	-0.0397839547098556
75.5755003507622	-0.0386349163249292
75.6088670175837	-0.0402043503691053
75.6422336844052	-0.0408306807430435
75.6756003512267	-0.0424293319290944
75.7089670180483	-0.041221498455566
75.7423336848698	-0.0422002050347166
75.7757003516913	-0.0407460312631772
75.8090670185128	-0.0388821560589117
75.8424336853344	-0.0422502998592915
75.8758003521559	-0.0582436972421283
75.9091670189774	-0.0562358528490021
75.942533685799	-0.0573882534653878
75.9759003526205	-0.0575985324926135
76.009267019442	-0.0416874543286054
76.0426336862635	-0.0424757782108234
76.0760003530851	-0.042013130488623
76.1093670199066	-0.0411862857302767
76.1427336867281	-0.0408100324895764
76.1761003535497	-0.0419170626862949
76.2094670203712	-0.0421647533125546
76.2428336871927	-0.0413215087404337
76.2762003540143	-0.0408286192971186
76.3095670208358	-0.0388599982907288
76.3429336876573	-0.0408286192971186
76.3763003544788	-0.0404767847200812
76.4096670213004	-0.0378904852516692
76.4430336881219	-0.0408093157060233
76.4764003549434	-0.0404268989384668
76.5097670217649	-0.0422231280068315
76.5431336885865	-0.0434636697403407
76.576500355408	-0.04044312890169
76.6098670222295	-0.0402457645323398
76.6432336890511	-0.0405936610452251
76.6766003558726	-0.040297796957358
76.7099670226941	-0.0400015124898457
76.7433336895157	-0.0403328770820421
76.7767003563372	-0.0409617644507142
76.8100670231587	-0.0415088964293666
76.8434336899802	-0.0427878173106539
76.8768003568018	-0.0414628091872819
76.9101670236233	-0.0413215087404337
76.9435336904448	-0.0386231256356801
76.9769003572663	-0.0376868330595866
77.0102670240879	-0.0367309619237517
77.0436336909094	-0.0371126046696316
77.0770003577309	-0.0346621455889894
77.1103670245525	-0.035268111843091
77.143733691374	-0.0362285017012838
77.1771003581955	-0.0366509784390571
77.2104670250171	-0.0360666781250874
77.2438336918386	-0.0389061797443634
77.2772003586601	-0.0403967911805342
77.3105670254816	-0.0380465040568481
77.3439336923032	-0.076352889026438
77.3773003591247	-0.0413777250474857
77.4106670259462	-0.0402672255124934
77.4440336927677	-0.0405058211123281
77.4774003595893	-0.0442123062213313
77.5107670264108	-0.0441812682257993
77.5441336932323	-0.0433725333583446
77.5775003600539	-0.04614746874828
77.6108670268754	-0.0497766646366253
77.6442336936969	-0.049522532533609
77.6776003605185	-0.058687784813761
77.71096702734	-0.0688707987771524
77.7443336941615	-0.0794888783592807
77.777700360983	-0.0806287301076992
77.8110670278046	-0.0783991347097717
77.8444336946261	-0.0762954683721849
77.8778003614476	-0.0775492575901297
77.9111670282691	-0.0805694353629114
77.9445336950907	-0.0857113195282903
77.9779003619122	-0.0893665155589167
78.0112670287337	-0.090137718230338
78.0446336955553	-0.0946053412120184
78.0780003623768	-0.0968667973880879
78.1113670291983	-0.10016848200211
78.1447336960198	-0.102790242584664
78.1781003628414	-0.101947612762109
78.2114670296629	-0.103736697416148
78.2448336964844	-0.10591892105177
78.278200363306	-0.114327416301473
78.3115670301275	-0.109279396319081
78.344933696949	-0.103323120542731
78.3783003637705	-0.0989843558328443
78.4116670305921	-0.0970646345801836
78.4450336974136	-0.0993361977387018
78.4784003642351	-0.114170977200503
78.5117670310567	-0.145879594619484
78.5451336978782	-0.179067796922036
78.5785003646997	-0.204324254782143
78.6118670315212	-0.232917878243168
78.6452336983428	-0.245909784584161
78.6786003651643	-0.244009276270828
78.7119670319858	-0.241847680904491
78.7453336988074	-0.249262476984054
78.7787003656289	-0.252869866611438
78.8120670324504	-0.258472323951006
78.845433699272	-0.260339805358488
78.8788003660935	-0.260998777476532
78.912167032915	-0.258412432668394
78.9455336997365	-0.257853212781366
78.9789003665581	-0.262474632930534
79.0122670333796	-0.264417808675403
79.0456337002011	-0.264359166895255
